evaluations raw_y raw_y_best x0 x1 x2 x3 x4 x5 x6 x7 x8 x9 x10 x11 x12 x13 x14 x15 x16 x17 x18 x19 x20 x21 x22 x23 x24 x25 x26 x27 x28 x29 x30 x31 x32 x33 x34 x35 x36 x37 x38 x39
1 89.8810938687 89.8810938687 -2.950000 0.550000 4.550000 4.950000 2.350000 2.550000 1.450000 -0.650000 2.550000 4.950000 -2.450000 2.550000 0.750000 3.250000 4.450000 2.750000 -4.150000 4.850000 2.450000 -1.950000 3.250000 2.150000 1.150000 1.050000 -0.250000 -4.350000 3.250000 1.750000 2.950000 -3.050000 1.150000 1.950000 -1.050000 -3.550000 1.950000 -4.850000 4.250000 4.850000 1.750000 0.750000
2 69.0084623672 69.0084623672 2.750000 4.550000 3.750000 1.550000 -2.250000 0.950000 -1.050000 -2.150000 -4.650000 -3.050000 -1.150000 1.850000 -0.750000 -4.250000 -2.350000 -1.750000 -1.850000 -1.650000 -0.450000 3.750000 -4.250000 -3.450000 -2.750000 -4.650000 -0.750000 -4.850000 0.150000 -4.950000 0.650000 -0.950000 -2.750000 1.250000 -0.750000 -1.050000 0.850000 -3.550000 -4.450000 1.450000 2.750000 -1.250000
3 173.8483593959 69.0084623672 -2.150000 -3.950000 4.050000 0.950000 -0.650000 -4.950000 1.850000 -0.550000 -0.750000 -3.850000 3.450000 -4.250000 4.250000 -3.150000 3.650000 -2.850000 1.050000 4.350000 3.850000 -2.750000 -3.750000 -0.250000 3.350000 3.750000 -0.650000 -2.550000 -3.850000 4.450000 -0.150000 4.350000 1.050000 0.650000 4.550000 4.150000 4.750000 -1.350000 -3.350000 -1.550000 -4.850000 2.550000
4 74.1547216143 69.0084623672 -2.350000 4.350000 3.050000 4.750000 3.150000 -3.450000 -4.750000 3.250000 -0.450000 -2.350000 -3.250000 -2.750000 -3.150000 -3.650000 1.350000 2.150000 4.550000 3.750000 0.050000 -0.350000 -1.450000 -4.450000 3.850000 4.150000 -0.150000 1.750000 1.450000 0.650000 4.350000 -4.050000 -3.750000 4.150000 1.850000 3.050000 1.250000 -0.250000 3.550000 -0.350000 0.950000 2.750000
5 21.2402171087 21.2402171087 -3.650000 2.650000 -1.050000 -4.650000 1.550000 -1.050000 0.150000 -4.950000 4.250000 -4.850000 -1.750000 0.650000 3.750000 4.950000 4.650000 3.250000 3.850000 -4.350000 3.050000 0.250000 -1.050000 -1.850000 0.950000 1.650000 -3.150000 0.250000 -4.550000 3.550000 -0.450000 -4.250000 2.450000 -0.350000 3.550000 4.850000 3.250000 -2.050000 4.750000 -3.550000 -4.250000 -2.950000
6 139.9904458768 21.2402171087 -2.550000 -3.050000 -1.250000 -0.550000 3.750000 -3.550000 -0.250000 3.550000 -3.950000 -0.650000 1.850000 -0.250000 2.650000 2.350000 2.350000 -3.550000 -0.950000 -0.050000 2.250000 -3.350000 2.750000 -4.850000 -0.550000 4.450000 -2.550000 -3.750000 -2.150000 4.950000 3.550000 3.250000 0.350000 3.950000 -2.950000 4.050000 4.650000 2.850000 0.550000 -1.050000 -0.250000 3.850000
7 32.3142805408 21.2402171087 4.450000 -4.750000 -4.050000 2.050000 -4.750000 -3.350000 -0.750000 0.250000 1.450000 2.350000 0.550000 3.250000 -1.450000 3.650000 0.050000 2.650000 -0.150000 1.650000 -4.450000 -1.750000 2.050000 -3.550000 4.850000 3.650000 3.650000 -4.050000 -4.150000 -4.250000 -2.950000 0.450000 -0.250000 4.450000 1.450000 -4.550000 3.950000 -0.650000 0.250000 3.250000 0.450000 2.950000
8 24.9528261960 21.2402171087 2.150000 2.450000 0.050000 -1.950000 0.450000 -3.150000 2.250000 1.350000 -1.650000 -1.350000 -1.650000 -3.850000 -4.150000 1.150000 1.050000 -0.850000 -4.950000 0.950000 -1.350000 -4.350000 -4.650000 0.950000 0.550000 -1.650000 -3.850000 -2.250000 -3.950000 0.150000 2.150000 2.050000 -2.150000 -3.550000 1.550000 -2.250000 2.850000 -3.350000 -1.650000 3.350000 4.650000 -3.650000
9 71.8426332679 21.2402171087 3.550000 2.950000 -0.750000 3.650000 -0.350000 -2.150000 -0.350000 2.350000 2.250000 4.150000 -0.550000 0.150000 -0.950000 -3.950000 -1.350000 4.750000 4.350000 2.650000 4.350000 -3.250000 1.650000 4.950000 -4.550000 2.450000 -3.250000 0.650000 3.350000 4.750000 4.050000 3.950000 0.750000 -3.750000 -2.650000 -4.250000 -3.350000 -3.250000 -4.250000 2.050000 0.750000 1.550000
10 37.3992052830 21.2402171087 -3.450000 -4.650000 2.950000 1.350000 3.650000 -2.850000 -3.750000 -3.250000 -2.150000 3.550000 1.050000 2.850000 1.450000 -1.950000 1.950000 -2.050000 -1.550000 -0.350000 -2.450000 -2.450000 0.650000 -2.450000 4.950000 3.050000 4.950000 1.650000 -0.050000 2.050000 -1.450000 -0.450000 2.650000 3.250000 -1.250000 -0.550000 -0.450000 -1.150000 -2.950000 -4.450000 2.050000 -4.750000
11 67.7502159137 21.2402171087 -1.650000 -0.950000 4.750000 4.250000 3.450000 1.250000 -1.350000 4.150000 4.050000 0.750000 2.050000 3.050000 4.150000 -0.150000 -4.350000 4.450000 1.350000 -1.950000 2.850000 0.950000 -2.050000 -1.550000 -1.050000 1.750000 4.750000 1.550000 3.450000 4.050000 0.750000 0.050000 1.750000 1.050000 -1.350000 0.050000 -3.950000 2.050000 3.150000 -2.250000 -4.950000 0.450000
12 23.7195814642 21.2402171087 2.050000 -1.450000 -0.550000 4.150000 -1.350000 -4.150000 -3.950000 -1.450000 2.650000 2.950000 -1.450000 1.950000 4.850000 -2.750000 0.350000 4.850000 -2.450000 -2.850000 0.650000 4.250000 0.150000 0.850000 -3.850000 0.050000 -0.950000 -3.350000 0.750000 -4.150000 -4.650000 -4.950000 -3.150000 -0.950000 -3.850000 3.250000 -3.450000 2.550000 0.050000 4.550000 4.350000 4.850000
13 38.7803594230 21.2402171087 -0.350000 1.150000 0.250000 -3.950000 -4.050000 4.850000 0.950000 -2.950000 2.850000 -0.550000 4.050000 1.050000 3.950000 1.950000 -4.050000 0.050000 -2.150000 -4.850000 3.150000 -3.150000 -2.950000 -1.250000 0.750000 2.650000 0.350000 -3.950000 -1.050000 3.850000 1.750000 -2.450000 4.550000 -1.450000 -3.150000 -3.950000 -4.550000 -0.550000 3.650000 0.250000 -2.750000 1.650000
14 56.2516759251 21.2402171087 4.250000 -0.450000 -2.350000 -1.850000 1.250000 -4.850000 -2.250000 -1.750000 -1.450000 -2.850000 -4.850000 -3.450000 2.050000 3.550000 -4.650000 4.250000 -0.650000 -1.850000 -2.850000 0.750000 -1.850000 4.550000 -3.350000 -4.550000 1.150000 2.450000 -1.750000 -0.850000 0.950000 -0.550000 4.350000 4.250000 -4.050000 -2.950000 4.150000 3.650000 1.850000 2.450000 3.150000 -2.150000
15 118.9719155281 21.2402171087 3.750000 1.950000 4.350000 -2.350000 -3.850000 1.550000 3.150000 0.150000 -4.550000 4.350000 -4.050000 1.250000 3.150000 2.750000 0.250000 -1.150000 1.250000 4.150000 1.750000 1.250000 -0.650000 -3.350000 -2.550000 -1.450000 4.250000 2.250000 1.950000 -0.250000 -2.250000 -2.750000 3.650000 -4.750000 1.050000 2.050000 -2.050000 -2.950000 -3.550000 -3.350000 -4.550000 1.050000
16 50.6537442314 21.2402171087 2.850000 0.150000 3.450000 -4.550000 2.450000 1.750000 1.250000 3.450000 4.450000 0.450000 4.450000 3.750000 2.450000 -4.550000 1.750000 2.850000 -2.950000 -0.150000 -1.650000 1.750000 2.350000 -3.150000 2.250000 -0.450000 -1.250000 2.550000 -3.750000 -2.050000 1.850000 3.350000 -4.950000 4.950000 4.050000 0.350000 -1.550000 1.650000 -2.850000 4.750000 -0.950000 3.950000
17 35.5317841249 21.2402171087 1.250000 -2.850000 1.750000 -4.750000 -0.050000 1.850000 2.050000 -0.750000 0.950000 4.050000 2.850000 -1.250000 4.050000 -1.250000 2.450000 -3.250000 -1.750000 0.350000 -2.950000 -1.350000 -4.950000 -0.550000 -0.850000 0.850000 3.050000 -0.750000 -1.650000 3.050000 -2.150000 3.650000 -1.550000 2.350000 -4.950000 2.950000 -0.050000 0.150000 -0.150000 2.250000 1.550000 -2.250000
18 46.6169105824 21.2402171087 4.350000 -2.550000 2.750000 2.950000 1.950000 0.550000 -2.350000 1.950000 0.150000 -4.450000 -2.150000 -4.450000 -0.050000 1.350000 -2.750000 -4.350000 -0.250000 3.850000 0.950000 -2.050000 1.050000 -2.150000 4.050000 0.650000 2.550000 3.150000 2.050000 -2.250000 2.350000 1.450000 1.950000 3.150000 4.450000 0.550000 -2.850000 4.350000 -4.650000 1.250000 1.850000 -3.550000
19 103.6105155223 21.2402171087 -4.150000 -4.850000 1.850000 -1.150000 1.150000 0.750000 -3.550000 3.750000 -2.950000 -1.050000 -2.050000 3.650000 2.850000 4.550000 4.250000 4.150000 -2.850000 -4.750000 -4.850000 3.150000 -2.150000 -3.850000 0.450000 2.950000 -2.050000 4.450000 4.150000 0.250000 1.550000 -3.550000 -0.750000 0.350000 -4.450000 -2.750000 -0.950000 0.450000 1.750000 3.950000 -4.650000 -3.850000
20 38.6146819550 21.2402171087 0.250000 0.050000 -0.450000 -3.650000 -4.450000 4.950000 1.050000 0.950000 -3.550000 3.950000 3.750000 1.350000 2.250000 2.450000 -1.450000 3.150000 2.450000 1.950000 2.350000 2.050000 3.550000 -0.750000 -2.450000 4.250000 -4.750000 -3.550000 4.350000 3.450000 -1.750000 -3.150000 -1.850000 0.950000 -0.850000 -3.250000 0.750000 -1.050000 -4.850000 1.550000 2.450000 3.650000
21 91.3730413675 21.2402171087 0.350000 3.550000 1.450000 3.850000 -4.150000 4.550000 -2.950000 -4.250000 -2.750000 3.850000 1.150000 3.550000 -2.950000 -3.450000 -3.750000 -4.950000 -3.950000 0.850000 -3.850000 -3.450000 2.650000 -2.750000 -4.450000 -4.450000 3.950000 3.750000 3.750000 -4.550000 -0.850000 -1.250000 2.550000 -4.050000 -3.350000 1.550000 4.250000 -0.350000 1.950000 -3.050000 -3.650000 -2.550000
22 56.4931436793 21.2402171087 -1.150000 3.050000 -2.250000 3.550000 -4.350000 4.250000 4.150000 1.250000 -4.850000 -0.750000 -3.450000 2.250000 4.450000 3.150000 1.850000 -3.750000 -0.050000 2.450000 -1.150000 0.550000 4.050000 0.250000 1.650000 -3.650000 -1.150000 0.150000 3.650000 2.950000 1.150000 -4.150000 4.850000 -4.650000 -2.750000 -4.950000 -0.350000 1.850000 2.050000 3.650000 -4.350000 -1.650000
23 28.2757594515 21.2402171087 -4.750000 -1.150000 2.050000 -4.950000 -2.350000 -0.750000 -4.950000 4.450000 4.650000 -3.350000 2.650000 4.750000 -3.650000 -2.050000 -1.750000 -3.150000 -1.650000 0.050000 3.450000 -0.550000 4.950000 2.250000 1.550000 -2.050000 -1.350000 1.350000 4.250000 -3.050000 -2.050000 -3.950000 4.250000 4.350000 0.050000 -2.450000 -4.050000 2.350000 3.250000 -3.650000 -3.150000 -0.350000
24 130.6243667479 21.2402171087 -4.450000 2.250000 -0.650000 -2.250000 4.150000 3.450000 -2.850000 -3.350000 2.350000 -0.350000 4.550000 -2.650000 -1.550000 1.850000 -4.150000 0.950000 -3.250000 3.550000 1.350000 3.050000 -2.550000 -0.150000 0.850000 1.150000 -0.350000 3.050000 -4.250000 -4.450000 4.950000 -0.750000 1.650000 -4.150000 -0.950000 0.750000 -2.350000 2.150000 -1.350000 0.950000 0.350000 4.050000
25 32.5958516547 21.2402171087 2.950000 3.750000 4.450000 -3.050000 -2.150000 -3.250000 1.650000 2.950000 -0.650000 -4.750000 -1.550000 2.150000 -4.650000 2.050000 3.350000 -4.450000 0.150000 4.250000 1.450000 -1.550000 -3.050000 -1.650000 -1.150000 -4.250000 -4.350000 -4.650000 -3.450000 -4.050000 4.850000 -3.850000 3.150000 -1.250000 0.550000 -0.250000 -0.150000 1.250000 2.150000 1.150000 1.650000 -2.350000
26 70.5004808672 21.2402171087 -2.050000 -4.050000 4.150000 -4.250000 -2.550000 -4.250000 -2.650000 -1.650000 1.150000 2.650000 4.350000 1.450000 -4.050000 3.350000 -3.950000 -1.450000 -3.450000 -2.150000 -4.950000 -2.950000 2.850000 2.950000 -0.250000 2.850000 -2.150000 3.450000 -2.350000 0.950000 3.050000 2.350000 -4.850000 -0.250000 -1.850000 -1.650000 3.550000 -1.850000 0.750000 -2.650000 -3.350000 -2.050000
27 22.9338568067 21.2402171087 -0.550000 4.050000 0.350000 -1.450000 4.850000 -1.750000 -0.550000 -4.350000 2.450000 0.250000 1.350000 4.050000 -3.950000 2.950000 -3.050000 1.050000 4.150000 -2.550000 1.850000 4.850000 0.350000 -2.250000 0.350000 3.450000 -1.750000 -4.450000 2.750000 2.350000 -1.150000 1.250000 -2.950000 4.050000 0.650000 0.450000 -1.150000 -3.750000 -2.050000 -4.150000 -3.950000 -0.250000
28 55.5114538458 21.2402171087 -2.850000 -1.750000 2.450000 1.950000 -0.950000 1.150000 4.550000 -2.750000 -4.350000 -2.250000 0.450000 0.350000 -3.250000 1.750000 -2.250000 -2.950000 -0.550000 2.950000 -4.250000 3.450000 3.050000 3.150000 -3.950000 0.350000 -1.950000 1.250000 4.450000 -3.350000 4.150000 -2.650000 -2.050000 -0.450000 -2.050000 2.150000 -0.650000 -1.750000 2.550000 0.350000 2.350000 1.750000
29 36.2889394921 21.2402171087 2.350000 0.850000 -2.450000 4.550000 -0.550000 -2.450000 -3.650000 4.850000 -0.250000 1.150000 0.250000 1.150000 -1.050000 2.250000 -1.550000 -1.850000 -3.350000 1.850000 -1.850000 3.250000 -2.750000 -0.850000 -0.150000 -1.350000 -3.050000 0.050000 -3.550000 3.950000 1.650000 4.150000 -4.450000 3.050000 -4.150000 4.250000 1.750000 4.050000 -4.750000 -1.250000 1.050000 -4.850000
30 32.0738628592 21.2402171087 -3.850000 0.750000 4.850000 1.450000 0.850000 3.150000 1.950000 4.050000 1.250000 -0.950000 -0.150000 -1.650000 3.550000 3.850000 -4.450000 1.250000 4.950000 0.450000 -0.550000 2.450000 2.950000 3.450000 1.850000 -2.350000 -1.650000 4.950000 -1.850000 1.050000 -1.950000 1.150000 3.450000 -1.050000 -0.650000 3.950000 2.150000 -4.750000 -4.550000 -4.950000 0.150000 -1.550000
31 28.4496651420 21.2402171087 1.550000 2.150000 4.650000 -1.650000 -3.550000 2.050000 -4.550000 2.650000 4.550000 -4.050000 3.350000 -2.550000 -0.450000 4.250000 -2.050000 3.550000 0.350000 -0.750000 3.250000 -4.550000 3.450000 4.650000 -3.550000 0.950000 3.150000 4.150000 -3.050000 4.850000 -1.850000 -2.850000 3.550000 2.250000 0.750000 -2.050000 -2.550000 0.850000 -0.850000 3.850000 0.250000 2.350000
32 102.1586223770 21.2402171087 4.850000 -2.950000 0.450000 -4.050000 -3.150000 -0.150000 2.650000 -4.650000 -2.450000 4.750000 4.750000 3.450000 -3.350000 -0.650000 2.750000 4.050000 3.750000 -2.050000 2.550000 -3.950000 1.350000 4.450000 3.950000 -0.850000 2.350000 -2.950000 -0.150000 -0.150000 3.950000 0.950000 -2.350000 -3.150000 4.250000 -0.050000 2.950000 3.750000 3.850000 -1.850000 -3.750000 -0.050000
33 26.2104748888 21.2402171087 1.950000 2.750000 1.650000 2.150000 -2.050000 3.350000 -4.650000 -2.450000 0.850000 -0.050000 2.450000 -2.450000 2.350000 0.750000 -3.150000 -2.450000 -1.950000 -2.350000 2.150000 4.450000 -4.850000 0.550000 2.550000 -4.750000 -1.450000 -0.350000 -4.450000 -1.550000 -3.150000 -1.750000 0.250000 -2.650000 -1.450000 -4.750000 -1.650000 4.950000 1.150000 0.850000 -4.450000 1.450000
34 42.0262426564 21.2402171087 4.150000 -2.150000 -0.050000 -4.450000 -1.750000 3.750000 -0.050000 -3.050000 -1.750000 -2.950000 -1.850000 4.450000 -4.750000 1.250000 -1.650000 1.350000 3.650000 -2.750000 4.750000 -3.750000 -4.450000 4.050000 3.550000 -1.250000 -4.550000 -4.250000 -1.350000 -2.450000 3.650000 4.850000 -4.050000 -2.850000 4.650000 0.650000 0.650000 2.750000 -2.350000 0.050000 -3.050000 0.250000
35 40.4939125124 21.2402171087 3.450000 -1.950000 -2.750000 2.450000 -2.750000 -1.550000 -2.750000 1.650000 4.750000 -2.150000 1.450000 -3.650000 0.150000 -4.150000 -3.850000 -2.550000 -3.050000 1.450000 -2.350000 1.950000 -0.250000 2.550000 -3.750000 -0.250000 4.350000 -1.150000 1.050000 -2.550000 -1.650000 2.150000 2.150000 -1.950000 1.350000 -0.150000 0.350000 -0.950000 -1.450000 1.750000 4.050000 0.550000
36 75.9375029934 21.2402171087 3.150000 -3.850000 -1.550000 -0.050000 4.450000 0.250000 -4.250000 -1.050000 -4.150000 4.850000 1.550000 -0.450000 1.750000 -2.450000 -0.150000 3.350000 -3.550000 -3.050000 1.650000 -4.750000 3.850000 -1.450000 4.650000 2.550000 -3.950000 -1.250000 -4.850000 -0.050000 4.650000 1.950000 -1.250000 -1.650000 3.450000 1.350000 -3.750000 -0.850000 -1.050000 4.150000 3.550000 -0.750000
37 40.5592660922 21.2402171087 -1.250000 1.250000 1.150000 1.850000 -1.450000 -3.650000 1.750000 -2.250000 1.050000 -3.450000 2.950000 -0.550000 4.750000 -2.950000 3.150000 0.750000 2.950000 4.050000 2.650000 0.850000 3.650000 -0.950000 1.750000 -0.550000 -2.850000 -2.650000 0.250000 -1.050000 4.250000 4.750000 1.850000 1.350000 2.650000 3.350000 -0.750000 -1.650000 3.450000 4.950000 3.350000 4.750000
38 99.6467273346 21.2402171087 -1.850000 1.850000 0.750000 2.250000 -1.150000 1.950000 -3.250000 -4.850000 1.850000 -1.950000 1.650000 4.850000 2.550000 -0.850000 4.850000 -0.250000 2.750000 4.650000 -3.150000 -2.550000 -3.550000 -0.050000 1.950000 4.750000 1.650000 1.950000 0.450000 -2.750000 3.150000 2.950000 3.250000 1.150000 1.650000 -4.050000 1.450000 -0.150000 3.050000 -2.750000 -0.650000 -4.150000
39 28.9510176920 21.2402171087 3.250000 -0.250000 -3.050000 0.150000 2.950000 -2.950000 4.350000 -1.150000 -0.950000 1.850000 2.550000 4.350000 1.550000 0.350000 4.350000 3.050000 -2.250000 2.850000 -3.550000 -0.750000 4.350000 4.850000 4.350000 -0.650000 4.850000 1.150000 0.850000 1.450000 -4.550000 -2.250000 -4.550000 -4.250000 -4.850000 -4.150000 0.250000 4.650000 4.950000 2.350000 4.850000 3.750000
40 41.2463804253 21.2402171087 0.450000 3.850000 3.850000 1.050000 4.550000 -1.950000 3.750000 -3.450000 -2.550000 -3.750000 -4.450000 -4.750000 3.450000 -4.350000 0.450000 -2.350000 4.650000 4.550000 4.650000 -0.850000 4.650000 1.150000 -4.950000 -4.850000 1.850000 1.850000 0.950000 1.250000 0.150000 3.050000 -0.950000 -4.950000 4.850000 4.550000 -3.050000 4.850000 2.350000 -2.050000 3.950000 3.450000
41 52.1277360611 21.2402171087 4.950000 -0.350000 0.650000 -2.750000 -3.450000 -3.050000 -4.050000 3.050000 0.650000 -4.350000 -3.150000 -2.050000 4.650000 3.750000 3.750000 -3.450000 -4.350000 -3.250000 3.750000 2.950000 -3.450000 1.750000 -4.750000 -2.250000 1.050000 -0.850000 -2.250000 -2.950000 -3.750000 1.350000 -3.850000 -3.950000 2.050000 0.250000 -4.850000 3.850000 0.150000 -0.750000 -3.450000 1.950000
42 21.5284798565 21.2402171087 -2.250000 0.250000 3.250000 -2.050000 -3.050000 -0.450000 1.150000 0.650000 -0.150000 1.350000 3.950000 -3.150000 -1.350000 -3.550000 3.550000 0.250000 4.750000 -2.950000 -3.050000 -4.650000 4.850000 2.650000 3.250000 -4.150000 0.150000 -1.950000 -2.650000 1.950000 -3.850000 1.050000 3.950000 -0.150000 4.350000 -3.050000 -3.150000 1.050000 0.350000 -1.150000 3.850000 -2.450000
43 26.5844080002 21.2402171087 4.050000 -1.250000 -3.550000 -1.750000 4.250000 4.050000 2.350000 0.750000 4.150000 2.450000 0.650000 -2.850000 -3.750000 -3.750000 -3.550000 4.350000 2.350000 3.250000 4.250000 -1.050000 2.250000 2.350000 0.250000 1.450000 -4.850000 4.550000 -2.050000 -0.350000 3.250000 -3.250000 -1.950000 0.150000 -0.350000 -1.550000 -1.350000 2.250000 2.650000 -3.950000 -0.150000 -3.950000
44 59.9449616054 21.2402171087 0.750000 -3.450000 1.550000 -3.550000 -1.050000 -0.850000 -1.850000 2.850000 2.050000 -1.650000 -4.650000 0.450000 -0.850000 0.150000 4.550000 1.850000 -4.450000 2.350000 2.050000 -0.050000 0.450000 4.750000 3.650000 0.750000 0.550000 0.850000 1.350000 2.850000 2.850000 2.750000 1.550000 0.550000 3.050000 -4.650000 3.850000 0.350000 -0.550000 2.850000 0.550000 -0.950000
45 52.0910213831 21.2402171087 -0.850000 2.550000 -3.250000 2.750000 0.150000 -4.750000 1.350000 -1.350000 4.350000 -1.250000 -0.250000 -2.950000 -4.450000 0.850000 1.650000 -0.550000 0.650000 -3.850000 3.550000 -0.450000 -1.350000 -4.050000 -3.650000 1.850000 2.050000 -3.050000 3.050000 -3.450000 -4.150000 -3.650000 -4.750000 0.050000 -1.550000 -0.350000 -4.350000 -4.150000 4.450000 2.550000 -2.450000 -3.050000
46 30.8856688609 21.2402171087 1.750000 -4.250000 -4.150000 0.550000 -3.750000 2.450000 3.550000 0.350000 -0.350000 0.850000 3.650000 -4.150000 -1.150000 -0.550000 -0.250000 -1.250000 -2.750000 4.450000 -0.750000 -0.150000 -0.150000 1.350000 2.450000 -3.250000 0.450000 4.350000 3.150000 -1.150000 -4.450000 0.350000 2.950000 -3.350000 0.250000 1.850000 3.650000 1.750000 -0.750000 -2.850000 1.950000 -0.550000
47 78.2285528417 21.2402171087 -3.950000 3.450000 -2.650000 -3.250000 -2.650000 -1.250000 -0.650000 2.150000 -3.850000 -4.650000 -3.950000 -3.750000 0.550000 -4.050000 1.550000 1.150000 1.850000 -0.250000 1.050000 -3.650000 -3.850000 -4.950000 3.450000 0.550000 -2.650000 -3.850000 3.850000 0.750000 2.750000 -0.150000 -2.850000 -3.250000 3.650000 -4.850000 1.050000 -3.450000 0.650000 1.350000 1.450000 -0.850000
48 37.1119192228 21.2402171087 -2.650000 1.450000 3.650000 -0.150000 -2.850000 2.350000 1.550000 -1.250000 -1.850000 4.450000 3.550000 0.950000 0.650000 1.050000 2.550000 0.150000 1.150000 -4.950000 -4.350000 -2.850000 0.750000 0.350000 -1.750000 2.350000 -3.650000 -1.650000 -4.050000 0.450000 -1.050000 -2.950000 -3.250000 -2.950000 1.750000 4.750000 2.750000 -2.650000 -3.850000 -3.250000 -1.950000 4.950000
49 83.2333089797 21.2402171087 1.450000 0.950000 -1.850000 -2.950000 1.350000 -0.550000 3.950000 2.750000 0.750000 3.150000 -2.650000 -2.350000 -4.850000 -3.250000 -3.650000 -3.350000 -1.150000 3.950000 0.450000 -4.150000 4.450000 4.350000 -1.450000 -1.150000 1.350000 -1.050000 -1.950000 3.250000 -3.650000 1.750000 2.050000 0.450000 -0.250000 -3.350000 2.450000 -4.350000 -0.950000 3.050000 -0.450000 1.850000
50 53.5939182997 21.2402171087 1.650000 -1.850000 -0.350000 2.550000 -0.750000 -1.650000 -4.850000 -1.950000 0.450000 1.950000 -1.250000 4.650000 0.350000 3.050000 2.050000 1.750000 0.550000 -0.450000 -2.050000 -4.450000 2.550000 -1.350000 1.450000 1.250000 -1.050000 4.050000 0.050000 3.350000 2.450000 4.950000 -1.350000 -1.850000 -4.350000 3.550000 -4.450000 -2.250000 0.850000 3.450000 4.750000 -0.450000
51 116.9391881696 21.2402171087 1.350000 -3.250000 4.250000 0.650000 -3.650000 2.950000 3.050000 4.250000 -2.050000 -3.550000 0.150000 -1.350000 -2.150000 -1.550000 -4.550000 4.650000 -2.350000 -2.650000 -0.650000 0.350000 -2.850000 -4.150000 0.150000 1.350000 2.250000 0.450000 4.550000 3.650000 0.550000 1.850000 0.650000 -3.650000 2.450000 1.650000 -4.750000 -4.950000 3.350000 0.650000 -2.250000 2.250000
52 49.0731387781 21.2402171087 -4.350000 -0.550000 -4.450000 0.050000 3.950000 2.250000 4.950000 -0.150000 -2.350000 -1.850000 2.750000 1.550000 -0.150000 -4.750000 -4.950000 -4.250000 -3.850000 4.950000 -4.150000 2.350000 -2.350000 2.750000 -2.050000 4.550000 -0.050000 -4.150000 -0.750000 2.550000 1.350000 2.550000 -3.550000 0.850000 2.750000 2.650000 -4.250000 3.050000 -3.750000 -0.950000 -1.250000 2.650000
53 30.5104974534 21.2402171087 1.050000 -0.850000 -1.950000 4.850000 1.650000 -4.050000 4.850000 2.050000 -1.350000 4.250000 4.250000 3.950000 -2.450000 -3.350000 4.050000 -1.050000 -0.750000 0.150000 -1.950000 0.450000 1.550000 3.950000 -4.650000 -0.750000 -2.350000 0.950000 -1.250000 4.350000 -4.950000 -3.350000 4.950000 2.450000 -3.950000 0.150000 -0.550000 4.150000 1.050000 -0.650000 -1.850000 -3.450000
54 24.3915875170 21.2402171087 -4.550000 2.050000 -3.850000 -4.350000 2.750000 1.650000 -2.050000 -4.550000 -4.750000 -2.450000 -2.250000 -0.850000 -2.850000 -4.650000 -0.050000 -3.950000 3.550000 0.250000 2.750000 2.650000 1.850000 -1.150000 4.550000 -0.350000 2.650000 -0.050000 -2.550000 -3.550000 -2.850000 4.450000 -0.650000 3.750000 4.150000 3.850000 -2.950000 0.950000 4.150000 -0.850000 -0.550000 -3.150000
55 46.1953028041 21.2402171087 1.150000 -3.550000 -3.750000 -0.650000 4.050000 4.450000 4.450000 -3.150000 -1.950000 1.750000 -2.350000 -0.750000 1.850000 0.450000 4.150000 2.350000 2.650000 1.750000 4.550000 1.050000 4.150000 3.350000 -2.650000 -3.450000 -3.550000 3.950000 -1.550000 -3.150000 3.850000 -0.650000 -0.350000 2.950000 1.950000 2.450000 -0.850000 -2.750000 1.450000 -4.550000 -2.350000 -3.250000
56 59.6591970245 21.2402171087 -2.450000 0.350000 3.950000 -2.550000 2.550000 -1.150000 4.750000 -4.750000 -3.050000 -2.050000 -3.350000 -3.950000 0.450000 -3.050000 0.850000 -4.550000 -4.050000 0.750000 -3.950000 -4.850000 1.150000 3.850000 -0.750000 -1.950000 -4.050000 2.350000 -4.750000 -3.850000 0.850000 2.850000 -3.050000 2.650000 2.550000 -1.950000 3.050000 4.250000 -1.550000 -2.550000 -0.850000 -1.750000
57 53.9510817338 21.2402171087 2.650000 1.350000 0.550000 -3.450000 0.750000 -0.050000 -1.650000 1.850000 -3.150000 -3.950000 -3.850000 -1.150000 0.050000 3.950000 -2.950000 -2.750000 1.750000 -4.250000 -2.650000 -3.850000 -1.250000 1.250000 -1.550000 -2.950000 3.750000 3.250000 1.550000 -4.350000 -2.350000 -2.150000 -3.650000 3.850000 -3.050000 -4.350000 -1.050000 -2.550000 -4.950000 -3.850000 4.450000 2.150000
58 59.1679174772 21.2402171087 2.450000 -4.550000 -0.950000 2.650000 -3.250000 -4.550000 -3.050000 -0.250000 3.450000 1.050000 4.650000 -4.950000 -4.550000 3.450000 1.450000 -3.850000 2.850000 -4.550000 -2.150000 -1.250000 4.250000 3.550000 -2.850000 4.050000 2.950000 -0.950000 -0.450000 4.550000 -3.450000 -1.650000 -4.350000 3.550000 -0.050000 4.950000 4.050000 0.250000 -3.650000 0.750000 -4.050000 4.550000
59 76.2121715072 21.2402171087 0.850000 3.950000 -0.850000 2.850000 -1.850000 2.650000 4.050000 1.450000 -2.650000 -4.250000 -4.350000 -2.250000 1.350000 2.650000 -0.650000 2.050000 -4.250000 3.150000 0.550000 1.350000 1.250000 0.150000 -3.150000 2.750000 -1.550000 3.350000 -4.350000 -3.650000 -0.650000 0.150000 3.750000 -1.750000 1.150000 -1.850000 2.650000 -1.250000 3.750000 -0.450000 -2.850000 3.350000
60 54.2485557600 21.2402171087 3.850000 -0.050000 -4.550000 3.450000 2.650000 -2.050000 3.850000 1.550000 3.750000 -3.650000 0.050000 4.250000 3.250000 -0.950000 -0.950000 1.450000 0.850000 -2.250000 2.950000 4.050000 -3.650000 -2.050000 -3.250000 -3.050000 -2.950000 -4.750000 -2.750000 0.050000 3.750000 4.250000 4.150000 1.850000 -2.150000 0.950000 -4.650000 2.650000 -3.450000 2.750000 -2.550000 -4.050000
61 33.4262098841 21.2402171087 -1.750000 4.450000 -3.650000 -0.750000 -4.950000 -4.350000 0.750000 0.050000 -0.850000 2.250000 -2.850000 0.250000 1.950000 -1.450000 -2.450000 0.550000 4.250000 -3.750000 -2.250000 1.850000 4.550000 -2.650000 2.750000 -2.650000 3.250000 -0.450000 1.150000 4.150000 1.250000 -4.650000 -4.650000 -0.050000 2.150000 1.450000 0.050000 3.250000 -2.650000 -2.450000 -4.150000 0.150000
62 45.8042337097 21.2402171087 -1.050000 -2.650000 -4.850000 4.350000 0.050000 -0.950000 -1.550000 -2.350000 1.950000 -0.450000 -2.550000 -4.050000 0.950000 4.450000 -1.150000 -0.950000 -4.750000 -4.050000 -4.050000 0.050000 -4.550000 -2.550000 -4.150000 -1.050000 1.450000 -1.450000 2.250000 1.150000 0.450000 -4.550000 0.550000 -4.850000 3.250000 -2.850000 -1.850000 -2.350000 -1.150000 -3.450000 3.650000 4.350000
63 251.9916513920 21.2402171087 -2.750000 4.950000 3.350000 -4.850000 -0.250000 -1.450000 2.750000 4.650000 -3.450000 -0.150000 3.050000 3.350000 1.650000 2.550000 -2.550000 -1.350000 -0.850000 4.750000 -1.450000 1.650000 1.450000 -4.250000 -1.950000 3.250000 4.650000 2.050000 -2.450000 -2.650000 -0.750000 3.550000 -2.650000 -0.850000 -3.450000 -3.450000 3.450000 -3.650000 -2.250000 1.650000 -3.850000 -3.350000
64 31.6158601158 21.2402171087 3.350000 -3.350000 -3.150000 4.450000 3.050000 4.150000 2.450000 -1.550000 -1.150000 3.050000 -4.150000 -0.650000 2.950000 -1.150000 0.650000 -1.550000 3.450000 -4.450000 -4.650000 -2.150000 -3.350000 -1.950000 -1.250000 3.350000 3.450000 -4.550000 2.350000 2.250000 1.050000 -4.750000 4.050000 2.750000 4.950000 -0.450000 0.150000 4.750000 -3.050000 -1.350000 -3.550000 -2.650000
65 30.2045641912 21.2402171087 3.050000 -4.450000 0.850000 -3.350000 3.350000 3.550000 -4.450000 -3.750000 -0.050000 0.550000 4.150000 0.850000 -0.650000 -1.350000 -3.250000 1.650000 -4.550000 -3.550000 -2.750000 -1.150000 -4.150000 1.450000 -1.650000 -2.850000 -2.450000 -1.750000 -0.250000 3.750000 -4.050000 4.550000 -0.050000 1.450000 -2.350000 -3.650000 1.550000 4.550000 1.250000 -0.250000 -1.550000 -3.750000
66 39.2372421849 21.2402171087 -4.250000 4.250000 1.050000 3.050000 4.350000 -0.250000 4.650000 -2.850000 -4.050000 3.250000 -4.250000 2.950000 -3.050000 -3.850000 -0.350000 -0.050000 3.250000 -0.650000 -3.750000 -1.850000 -1.550000 -4.750000 -4.250000 -3.850000 0.850000 2.650000 2.650000 -3.750000 2.550000 -1.550000 -1.650000 4.550000 -3.750000 -1.150000 2.350000 2.450000 -3.950000 -4.050000 0.650000 -4.250000
67 27.5067860092 21.2402171087 3.950000 1.650000 -2.950000 -0.950000 0.250000 -4.650000 -0.950000 -0.350000 -3.750000 0.950000 0.350000 -0.950000 4.350000 -2.350000 2.250000 2.550000 3.950000 -0.950000 4.450000 3.650000 3.350000 1.650000 -2.150000 -1.550000 4.150000 -0.650000 2.550000 -0.450000 -4.350000 -2.050000 -0.150000 -3.850000 2.350000 -4.450000 -1.250000 -4.550000 -1.750000 -3.750000 -1.450000 -4.350000
68 40.0845357661 21.2402171087 4.550000 -1.650000 -3.450000 0.450000 -1.250000 -3.850000 -4.150000 1.750000 -3.250000 0.050000 -4.750000 -3.250000 3.050000 2.850000 1.250000 -3.650000 1.450000 -1.750000 -4.750000 -2.650000 3.750000 3.650000 -4.050000 -1.750000 -4.250000 -1.550000 -3.650000 -0.550000 -4.750000 -4.450000 -4.250000 -2.250000 2.250000 2.750000 0.950000 -3.850000 -0.350000 3.150000 3.450000 3.550000
69 59.6699843024 21.2402171087 -0.650000 1.750000 3.550000 3.350000 0.350000 -1.350000 -3.150000 1.150000 -3.650000 0.350000 2.150000 -0.050000 -3.850000 -0.750000 3.450000 -2.650000 -3.750000 2.150000 4.850000 3.550000 -0.850000 1.850000 2.950000 0.250000 -3.450000 4.750000 -2.850000 -0.650000 -0.050000 3.750000 4.750000 1.550000 0.950000 -2.650000 2.550000 -1.950000 -3.250000 1.850000 4.550000 -1.950000
70 34.5071006137 21.2402171087 -3.050000 -2.250000 1.950000 -2.650000 3.250000 1.050000 -0.450000 -3.850000 3.350000 1.650000 2.250000 4.950000 -2.650000 0.050000 -4.250000 -0.350000 3.050000 1.350000 -3.450000 2.750000 -0.050000 0.050000 -0.350000 -3.950000 -0.450000 2.150000 4.850000 -1.450000 0.250000 2.650000 0.050000 -0.550000 0.150000 4.450000 -4.950000 2.950000 1.350000 4.050000 1.150000 -0.650000
71 118.9941616136 21.2402171087 -1.950000 -3.650000 2.650000 -1.250000 -3.350000 2.850000 3.650000 -1.850000 3.650000 3.650000 2.350000 -1.050000 3.650000 4.350000 0.950000 3.450000 3.150000 3.450000 -0.150000 2.850000 -4.050000 0.650000 0.650000 0.150000 -4.950000 0.350000 3.950000 -3.250000 4.450000 2.450000 -2.450000 2.850000 4.750000 -1.450000 -2.250000 -4.650000 2.750000 -0.150000 4.150000 4.250000
72 26.1262735955 21.2402171087 -0.050000 -0.750000 -2.050000 -2.450000 -1.650000 -2.650000 -1.750000 -0.050000 1.550000 2.850000 4.850000 1.750000 4.950000 -2.850000 -1.850000 1.950000 4.050000 3.050000 3.950000 2.250000 0.950000 0.450000 1.250000 -3.150000 1.550000 -2.050000 -1.150000 -0.950000 -1.350000 -1.350000 -1.750000 3.350000 -2.850000 4.350000 4.550000 -3.150000 -0.050000 -0.550000 2.650000 -2.850000
73 37.6982858068 21.2402171087 -3.150000 -3.150000 -0.250000 -0.350000 1.750000 3.650000 -2.450000 3.350000 3.250000 -4.550000 3.250000 -1.550000 -1.250000 1.550000 0.750000 -0.750000 -1.450000 2.750000 -2.550000 -0.650000 0.050000 -3.650000 1.350000 2.150000 -2.750000 2.750000 -3.350000 -0.750000 -0.350000 -1.150000 3.350000 -4.450000 2.850000 1.950000 -2.750000 1.450000 -1.950000 -4.650000 -2.050000 -4.550000
74 55.6031391364 21.2402171087 -1.550000 1.050000 2.550000 3.150000 -2.950000 -0.650000 -1.250000 3.650000 -3.350000 -1.750000 -0.050000 2.750000 -4.950000 -0.350000 -4.850000 1.550000 -4.850000 1.150000 0.250000 3.850000 -1.750000 2.850000 -3.450000 -3.350000 4.450000 -0.150000 -0.850000 2.450000 4.750000 0.850000 -3.950000 -1.550000 3.750000 -1.350000 -3.650000 -4.050000 -1.850000 3.550000 -4.750000 -1.050000
75 27.1011875411 21.2402171087 -1.450000 -4.350000 0.950000 -1.050000 1.850000 1.350000 2.550000 -2.550000 3.050000 -0.250000 1.950000 4.550000 0.850000 0.250000 -1.050000 -4.150000 2.250000 -3.450000 0.350000 4.750000 -0.450000 -4.350000 -4.350000 -3.750000 -4.650000 -2.150000 0.650000 2.750000 -3.950000 3.150000 2.350000 2.550000 -4.750000 2.350000 4.450000 -2.850000 4.850000 -1.450000 -0.750000 -1.850000
76 28.6293167799 21.2402171087 -0.950000 4.750000 -2.550000 -0.450000 -4.250000 0.850000 0.450000 4.550000 1.350000 2.750000 -0.850000 -1.450000 -1.650000 -1.050000 2.950000 4.550000 -2.550000 1.050000 1.150000 -2.250000 -4.350000 3.250000 -0.950000 -4.950000 0.650000 0.550000 2.950000 -1.850000 0.350000 -1.850000 -1.050000 4.750000 3.850000 3.450000 3.750000 4.450000 -0.250000 0.450000 0.050000 0.950000
77 33.6495625468 21.2402171087 2.550000 -1.550000 -4.650000 4.050000 4.750000 3.950000 3.250000 2.550000 -1.050000 3.350000 -0.950000 -1.750000 2.150000 4.850000 -0.750000 -4.750000 0.050000 -4.650000 -0.050000 -4.950000 -3.150000 -0.450000 -0.050000 3.950000 -0.550000 -3.150000 -4.950000 0.850000 -2.550000 -1.950000 0.850000 -2.050000 -2.450000 1.750000 3.150000 -2.150000 2.850000 4.350000 2.150000 -4.950000
78 46.1048392587 21.2402171087 -4.650000 4.650000 -1.350000 4.650000 4.950000 -3.950000 4.250000 -3.950000 0.050000 -1.450000 1.250000 1.650000 -2.050000 -0.450000 -1.250000 -4.050000 1.950000 -1.150000 4.950000 -1.450000 -0.550000 1.550000 -0.650000 -3.550000 3.350000 -2.450000 -1.450000 3.150000 3.350000 0.650000 -2.550000 2.150000 -1.950000 3.150000 -2.450000 -0.450000 -4.050000 -4.250000 2.250000 3.250000
79 92.6793360941 21.2402171087 -0.450000 -2.750000 4.950000 -1.350000 2.850000 4.350000 0.850000 1.050000 3.150000 0.650000 -0.750000 -2.150000 -1.750000 -1.850000 3.850000 3.950000 -0.450000 3.350000 3.350000 2.550000 2.450000 -3.750000 2.150000 4.950000 -1.850000 -1.350000 1.850000 -2.850000 -1.250000 -3.750000 1.250000 -1.150000 -4.550000 -0.950000 -0.250000 1.950000 2.950000 -2.350000 -1.150000 -1.450000
80 31.0214132221 21.2402171087 0.150000 -1.350000 -1.750000 -4.150000 0.550000 2.750000 -2.150000 3.150000 -1.550000 -3.150000 -1.950000 2.050000 -0.350000 2.150000 0.150000 -0.450000 4.450000 -1.250000 -3.350000 -4.250000 -0.350000 -1.050000 3.150000 -4.350000 0.250000 3.650000 4.650000 -3.950000 -1.550000 -4.350000 -1.150000 -2.450000 -3.650000 4.650000 4.850000 -4.450000 4.650000 -3.150000 1.250000 1.150000
81 51.1325633855 21.2402171087 4.650000 4.150000 1.350000 3.950000 2.050000 0.050000 2.950000 -0.850000 -2.850000 -2.550000 -3.050000 -1.950000 -3.550000 -2.150000 1.150000 -1.650000 -2.650000 -1.450000 1.550000 -2.350000 -1.150000 -2.950000 -2.950000 3.550000 2.750000 -2.350000 -0.950000 1.550000 -3.050000 -4.850000 3.850000 1.650000 -4.650000 -3.150000 -3.550000 3.550000 4.350000 -1.750000 2.850000 2.050000
82 29.3597490367 21.2402171087 -0.750000 -1.050000 -4.250000 1.650000 3.550000 0.350000 3.450000 3.850000 -4.450000 4.650000 0.850000 2.450000 -2.350000 -2.250000 2.850000 0.350000 3.350000 -3.150000 -3.650000 1.550000 -0.950000 4.150000 -4.850000 2.250000 2.450000 2.850000 2.150000 0.350000 0.050000 -0.350000 -2.250000 -2.350000 0.850000 -2.150000 -2.650000 3.950000 0.450000 -2.150000 -0.350000 4.450000
83 41.1660850002 21.2402171087 4.750000 0.650000 -1.450000 0.250000 -0.850000 0.650000 0.550000 -4.150000 -4.250000 1.550000 -2.950000 4.150000 1.050000 -0.250000 3.250000 -4.850000 1.650000 2.250000 -0.350000 1.150000 0.550000 -0.650000 -3.050000 1.950000 1.750000 1.050000 4.750000 1.650000 -3.250000 3.450000 1.450000 -4.550000 -2.550000 -1.750000 1.350000 -1.550000 -4.150000 -2.950000 4.250000 -2.750000
84 42.2214616273 21.2402171087 -4.050000 -4.150000 2.250000 0.350000 4.650000 4.750000 0.250000 4.350000 2.150000 2.050000 -1.350000 -4.850000 -1.850000 -1.650000 -0.450000 2.950000 2.150000 2.050000 -1.050000 -0.250000 0.850000 2.050000 0.050000 -2.450000 0.950000 -1.850000 -0.350000 -2.150000 -2.650000 -0.850000 4.650000 0.750000 0.350000 -2.550000 -3.850000 -3.050000 -2.450000 1.950000 -2.950000 -1.350000
85 23.3864988824 21.2402171087 0.950000 3.150000 -4.950000 -3.150000 -4.850000 -2.750000 0.350000 -2.650000 0.550000 -0.850000 -1.050000 2.350000 1.150000 -2.550000 -1.950000 0.650000 -3.650000 1.550000 -3.250000 -0.950000 -1.650000 -3.250000 4.150000 -2.550000 0.750000 -2.850000 -0.550000 2.650000 2.250000 4.050000 3.050000 -2.550000 1.250000 1.050000 1.850000 3.150000 -0.650000 -1.650000 3.250000 0.650000
86 87.0513901599 21.2402171087 -4.950000 4.850000 -1.650000 -1.550000 -1.950000 1.450000 -2.550000 0.450000 1.650000 0.150000 -0.350000 -4.350000 1.250000 -4.950000 3.950000 2.250000 0.750000 3.650000 1.250000 2.150000 3.950000 1.050000 2.350000 1.550000 3.850000 -4.950000 1.650000 4.650000 -0.550000 3.850000 2.850000 3.450000 -3.550000 -0.850000 2.250000 -0.050000 -2.150000 2.950000 -1.750000 4.150000
87 82.0102484179 21.2402171087 -3.350000 3.650000 -1.150000 0.850000 -2.450000 -0.350000 -1.950000 2.250000 4.850000 -1.150000 -0.450000 -4.550000 -3.450000 4.750000 2.650000 2.450000 1.550000 -3.950000 0.150000 1.450000 2.150000 -1.750000 -1.850000 3.850000 -4.150000 -3.450000 0.350000 -4.750000 -0.250000 -0.050000 4.450000 3.650000 -1.750000 0.850000 -1.950000 0.750000 -1.250000 4.450000 2.950000 -4.650000
88 62.2839929949 21.2402171087 -3.250000 3.250000 0.150000 -3.750000 2.150000 -3.750000 -0.150000 4.950000 -0.550000 4.550000 -4.550000 -3.050000 -2.250000 0.650000 -2.150000 3.650000 -4.650000 -3.350000 -0.950000 4.150000 -3.950000 -4.550000 2.850000 0.450000 -2.250000 3.850000 -0.650000 -4.850000 -3.350000 -1.450000 0.450000 2.050000 -3.250000 3.650000 3.350000 3.450000 -4.350000 0.550000 -1.050000 4.650000
89 51.7951796571 21.2402171087 3.650000 -2.350000 3.150000 3.750000 -4.550000 4.650000 -0.850000 0.550000 -2.250000 3.750000 3.850000 0.750000 0.250000 -4.850000 2.150000 0.850000 -1.050000 -0.850000 -4.550000 3.350000 1.750000 -2.850000 -2.250000 4.850000 2.150000 -3.650000 2.850000 0.550000 -2.750000 4.650000 1.350000 4.850000 -0.550000 3.750000 1.650000 1.550000 3.950000 1.050000 4.950000 1.350000
90 101.4085743212 21.2402171087 1.850000 2.850000 2.150000 -2.850000 0.950000 0.450000 -1.150000 -3.550000 2.950000 3.450000 -3.750000 -1.850000 -1.950000 -4.450000 0.550000 -1.950000 -1.250000 0.550000 3.650000 4.650000 -2.250000 -4.650000 -0.450000 4.650000 3.550000 2.950000 1.250000 -1.650000 -4.250000 0.750000 -0.550000 1.750000 -2.250000 2.250000 -1.750000 -0.750000 2.250000 -1.950000 -3.250000 2.450000
91 68.6704160497 21.2402171087 0.050000 2.350000 -4.750000 -3.850000 -4.650000 3.050000 0.650000 3.950000 4.950000 -2.750000 -3.550000 2.650000 -2.550000 0.950000 -0.550000 3.750000 0.450000 -1.350000 -0.250000 3.950000 -1.950000 -3.050000 4.450000 4.350000 2.850000 3.550000 1.750000 -4.650000 3.450000 1.550000 -3.350000 0.250000 2.950000 2.550000 4.350000 -2.450000 0.950000 4.650000 -1.350000 2.850000
92 31.5165311846 21.2402171087 -1.350000 -3.750000 -3.350000 -0.250000 0.650000 0.150000 2.850000 0.850000 0.250000 1.250000 -2.750000 -0.350000 2.750000 4.150000 4.750000 -2.250000 4.850000 -4.150000 0.850000 -3.050000 0.250000 4.250000 4.250000 -4.050000 -3.350000 -2.750000 -2.950000 -1.950000 1.950000 1.650000 -4.150000 -0.750000 -1.650000 -1.250000 1.150000 0.550000 -0.450000 2.150000 -2.150000 -1.150000
93 34.0493208116 21.2402171087 2.250000 0.450000 1.250000 -2.150000 -1.550000 3.250000 3.350000 -0.950000 3.550000 1.450000 4.950000 -3.550000 -4.250000 -2.650000 3.050000 -0.150000 -3.150000 1.250000 4.150000 4.950000 3.150000 0.750000 3.050000 -2.150000 -0.850000 -3.250000 3.550000 -1.350000 -3.550000 -1.050000 -1.450000 4.650000 0.450000 -3.750000 -3.250000 1.150000 1.650000 0.150000 -0.050000 -4.450000
94 24.6977528554 21.2402171087 -4.850000 1.550000 -0.150000 0.750000 2.250000 3.850000 -3.450000 -4.050000 2.750000 2.150000 -0.650000 0.550000 -0.250000 1.450000 -0.850000 -3.050000 2.050000 -0.550000 -1.250000 -1.650000 1.950000 1.950000 2.650000 -1.850000 -3.750000 1.450000 2.450000 4.250000 1.450000 2.250000 2.750000 -1.350000 -0.150000 1.250000 2.050000 -3.950000 4.550000 -4.750000 3.050000 0.850000
95 45.6102281291 21.2402171087 0.550000 -2.450000 2.850000 1.750000 -0.150000 -2.550000 -4.350000 4.750000 0.350000 -1.550000 -4.950000 -0.150000 -2.750000 1.650000 -3.450000 0.450000 -0.350000 -1.050000 -1.750000 -3.550000 4.750000 -3.950000 1.050000 -0.050000 4.050000 -0.550000 4.050000 1.350000 -0.950000 -2.550000 -3.450000 -3.050000 -4.250000 -2.350000 0.450000 -4.250000 -2.750000 4.250000 1.350000 1.250000
96 38.1395376582 21.2402171087 0.650000 -2.050000 -4.350000 1.250000 1.050000 2.150000 0.050000 2.450000 -4.950000 -4.150000 0.950000 3.850000 3.850000 0.550000 -2.850000 3.850000 -2.050000 -3.650000 1.950000 0.650000 -2.450000 -0.350000 -1.350000 3.150000 -4.450000 4.850000 -3.250000 2.150000 4.550000 -2.350000 0.150000 -2.150000 3.350000 -3.850000 -2.150000 1.350000 -3.150000 -0.050000 3.750000 0.350000
97 116.9967493760 21.2402171087 -0.250000 -0.150000 -2.850000 2.350000 -3.950000 -2.250000 -3.850000 -0.450000 3.850000 -3.250000 1.750000 -3.350000 -0.550000 4.650000 -3.350000 4.950000 -1.350000 -2.450000 -1.550000 4.350000 -3.250000 -2.350000 -2.350000 -2.750000 0.050000 4.250000 0.550000 -1.250000 2.050000 -3.450000 -0.450000 -2.750000 3.950000 2.850000 -4.150000 0.050000 4.050000 -4.350000 -1.650000 3.050000
98 32.5970442803 21.2402171087 -3.550000 -4.950000 -2.150000 1.150000 1.450000 -1.850000 -1.450000 -4.450000 3.950000 -2.650000 3.150000 -4.650000 -4.350000 -1.750000 4.950000 -4.650000 2.550000 -1.550000 0.750000 0.150000 -2.650000 3.750000 2.050000 2.050000 4.550000 4.650000 -3.150000 -2.350000 2.650000 0.550000 0.950000 -3.450000 -1.150000 1.150000 -1.450000 0.650000 2.450000 3.750000 2.550000 0.050000
99 23.5431647469 21.2402171087 -3.750000 -0.650000 2.350000 -0.850000 3.850000 -4.450000 -3.350000 -2.050000 1.750000 -4.950000 0.750000 0.050000 4.550000 -0.050000 -2.650000 -0.650000 0.250000 0.650000 -0.850000 4.550000 -4.750000 2.450000 4.750000 -0.950000 1.250000 0.750000 -4.650000 -1.750000 -4.850000 -0.250000 -0.850000 -4.350000 -0.450000 -0.650000 0.550000 -1.450000 -2.550000 -4.850000 0.850000 3.150000
100 79.6096261225 21.2402171087 -0.150000 3.350000 -3.950000 3.250000 -0.450000 -2.350000 2.150000 -3.650000 -1.250000 2.550000 -3.650000 3.150000 3.350000 4.050000 -4.750000 -2.150000 0.950000 2.550000 4.050000 -4.050000 -0.750000 3.050000 3.750000 -0.150000 1.950000 -0.250000 4.950000 1.850000 -2.450000 0.250000 2.250000 -0.650000 3.150000 -0.750000 4.950000 3.350000 1.550000 2.650000 -2.650000 -0.150000
101 177.7908599756 21.2402171087 4.158081 1.636988 -3.387765 0.186662 1.613299 1.232158 0.043756 -3.513939 -4.390720 2.076733 -0.555890 2.886924 0.859679 -1.406753 -2.015708 2.488080 0.626827 3.172413 2.199504 -3.918276 -3.706636 1.759059 3.863861 1.702141 -0.881102 -1.445660 -0.811578 -2.456924 -0.065446 3.704417 1.479479 -0.832540 1.364010 -3.047216 3.013660 -4.792224 0.716826 -3.289659 -3.870409 1.730613
102 159.5956459757 21.2402171087 -0.378067 0.586491 4.602995 -3.366231 4.703858 2.293475 4.897875 -0.067838 -1.283952 -0.560245 -1.541714 3.156310 2.056135 1.924844 -1.026021 -0.835393 2.009865 4.784168 4.554891 -1.384879 -2.782112 0.268255 -0.028541 1.357988 4.562917 4.639886 -1.043873 -3.127576 -0.466145 0.764432 4.976506 0.246584 2.226640 -0.655709 4.702563 -4.507415 -1.114507 2.040077 -3.698634 -2.254755
103 19.9691506092 19.9691506092 3.886499 -2.399230 -2.295334 2.146880 -0.649096 0.756047 2.226729 -1.690082 -3.120959 -0.463142 3.708568 4.636392 1.872319 -0.972745 1.244018 -1.979069 0.005275 4.835551 1.064277 -1.903977 -3.656577 -1.193728 2.705775 3.707243 3.559487 -0.164177 0.849419 3.724602 -3.926808 -3.290600 -0.267265 -2.023695 4.727561 -2.758062 1.345612 -1.068405 -2.135277 -0.416551 -0.858798 -1.715872
104 129.1295041841 19.9691506092 -3.421609 3.501275 1.476882 -1.087128 -4.093248 1.516949 -4.625224 4.438946 1.027143 -2.259503 -2.713094 -1.382880 3.050635 2.248945 1.752765 0.876394 -2.143815 3.816576 1.330805 -4.947640 -3.881307 1.214333 -1.457958 3.297126 3.250548 1.563166 0.040247 -4.387580 -3.655431 -0.583945 3.643289 0.256953 3.190486 -1.824680 1.570295 3.932570 1.457466 2.104000 -4.708283 2.531612
105 51.9203024800 19.9691506092 -3.141018 -4.185402 -4.037024 2.966104 -2.361563 -3.958483 4.805338 -1.422530 -3.035004 -4.670466 -0.305462 -1.255596 4.174644 -3.322996 3.359334 0.803681 4.384291 2.704449 -3.852908 -1.431310 -2.035873 2.629329 -2.733420 2.963112 -1.659022 1.829057 -4.234653 0.095062 2.034210 -4.176272 1.466330 -0.645611 -4.167784 -3.670264 -3.489826 -3.475317 2.812981 4.972505 -4.918088 -2.022238
106 189.6396973443 19.9691506092 -3.639686 -1.023679 3.297758 -3.796430 3.453098 -1.608445 -2.520425 -0.211203 -1.375959 -3.598754 -1.452189 -3.535848 2.027943 2.582736 -0.250113 -4.740570 -3.975870 4.992917 -0.746865 -2.360639 0.959774 -4.063131 1.376414 0.422723 -1.641705 1.708994 2.540594 -2.598730 -3.693763 1.484887 -1.771507 2.154065 -2.476243 -2.725064 4.985221 1.217023 -1.249036 -0.209286 -2.973362 -3.529261
107 54.3623873394 19.9691506092 2.536400 -2.286480 -2.709298 -2.776233 2.079512 4.463047 3.338338 4.940576 -0.617119 3.293925 -0.944684 0.915416 -4.275595 4.495452 0.694125 -1.160344 4.809937 4.138535 -4.413255 -3.658018 1.331756 -1.591017 -1.321584 -1.923726 -0.930608 3.899399 -0.786415 -4.085578 -0.751274 0.079373 2.666710 -4.453513 3.957754 4.244412 1.773138 1.325576 4.429060 -2.609025 -2.149659 -2.253627
108 19.9872880605 19.9691506092 2.018168 4.422429 0.224275 -4.506114 -0.218531 -3.020254 -4.529504 -1.279865 2.099130 -3.082502 2.198462 0.057609 -2.434053 -0.071117 1.913354 4.229573 1.956607 4.369364 2.649264 4.372019 0.278267 0.894501 -2.848993 3.918977 -0.706356 -0.262697 -4.490555 -2.743540 -3.493892 0.178013 2.993281 2.986492 0.330659 -0.054497 0.406370 3.034183 -1.083355 -4.407704 -3.021488 -4.376610
109 43.5419504427 19.9691506092 -3.225377 3.853356 3.575497 -0.539406 1.644384 -4.587075 3.635466 -2.904237 -0.035874 3.018568 -4.832751 0.337495 -3.452521 -0.159587 4.572634 -1.307743 2.281995 4.187209 0.832942 2.829643 2.891572 0.231099 -4.338536 -0.007916 -0.758611 1.756669 -4.973850 -4.231534 -3.154511 -1.484741 4.180037 1.590406 -2.943850 2.272209 4.622204 -3.960158 -3.191335 4.999994 -3.712011 -1.753174
110 65.3934770770 19.9691506092 4.617089 -3.984177 4.918265 -1.483915 3.998540 -1.557346 -2.551331 -1.732347 -1.694409 -0.964347 2.188659 -0.116234 1.250687 -0.832656 -0.128727 -0.510630 -0.267123 3.430497 3.868674 -0.085679 2.126914 2.474756 3.595223 -1.241942 -4.196126 4.289583 -4.710534 -3.555388 -0.437093 1.978158 3.618576 4.849175 3.847350 2.128542 0.575951 -1.138107 -1.997869 -2.952174 -4.958676 -1.288685
111 121.5195275123 19.9691506092 2.895279 3.807287 -1.864354 -2.347634 4.028837 -0.906567 -2.055877 0.186281 0.370133 3.851884 1.673574 -0.243064 4.876927 0.604058 0.635065 -0.794470 -0.259836 4.419732 -2.146746 2.394421 0.006930 -3.953142 2.811137 4.057227 -0.137033 4.767587 -0.538382 3.113653 4.130452 3.830173 -3.365098 -3.055467 -4.391400 -0.761075 4.077690 -4.217091 -3.902784 -3.569592 -0.389651 2.443699
112 84.5385683244 19.9691506092 1.881526 -4.693559 -3.797666 0.505713 -4.513985 -4.705535 1.361369 0.801437 -3.055033 -3.983591 1.914347 -4.797358 2.100107 -0.399518 -4.460381 1.153289 -2.656792 4.812372 2.529312 1.641538 -0.689100 4.779965 3.998630 0.516168 -2.941276 1.932595 0.046546 -4.515139 -4.203488 -2.467625 3.754852 -4.975761 -1.294752 -3.397692 -0.743844 0.651999 0.425149 -4.258489 -3.803880 -4.444035
113 32.0127293481 19.9691506092 -2.368381 -0.376859 -4.520557 -4.715703 -3.529216 1.958857 2.228217 -3.106750 4.234893 -4.108470 3.024030 1.595263 2.753651 -3.511122 -4.105687 -1.754128 2.966949 4.593341 -2.107559 -1.241887 -1.756736 -1.931573 -2.490854 1.943727 -1.544453 -1.458556 1.346361 -0.115802 -0.830239 1.345697 1.837643 2.102377 -2.980184 4.411174 -2.639623 0.114481 2.815805 -1.202974 -4.490971 1.176936
114 44.6228861106 19.9691506092 -0.566085 1.642923 3.451144 1.488619 -1.323883 3.642619 0.643481 3.411451 -0.753658 1.697036 3.347372 3.976602 1.036825 -0.003575 -0.511138 4.612758 2.119736 3.406433 1.520793 2.157438 -4.280414 -3.004569 2.583241 4.762905 -1.916729 -4.916820 -4.164746 -4.494384 -4.596320 0.778968 4.913411 2.049005 -3.028078 3.419455 4.305933 1.534401 4.501234 4.360483 -0.419470 -1.508196
115 44.2292347451 19.9691506092 4.084760 -0.697710 1.756127 -2.097997 -2.787651 -1.296632 1.157776 -2.447526 0.095745 -1.668910 2.256390 -0.947146 -3.156633 -3.784922 1.836492 -0.936353 -3.422883 4.269536 0.783817 -3.333263 1.354200 -3.560620 -3.750554 2.351142 -2.223623 1.588713 1.328251 2.305378 -4.341733 1.278904 4.515038 4.264784 3.604170 2.304010 1.037834 0.090926 4.389811 -0.392568 -3.469527 -2.541925
116 86.3754123284 19.9691506092 0.015654 3.796699 -4.010007 -1.786540 3.742042 3.292250 -2.038513 -3.833290 -4.643828 1.606275 0.758050 3.212558 3.327464 -0.776318 -0.516573 -2.883780 -2.166309 2.617356 -4.073082 2.467716 -3.192438 0.247689 1.538160 1.202523 4.356251 1.043921 -2.040383 -3.563651 1.810078 3.225270 3.174363 3.870209 -1.594884 -2.982269 1.811773 -2.790854 4.430244 -0.264077 -4.619704 -3.130827
117 133.2933032323 19.9691506092 -0.672885 1.938877 -1.855477 2.719613 -3.836876 -2.356713 1.997393 1.433674 0.779253 -2.158867 -3.840600 2.517148 -3.008229 -3.890104 3.698759 4.573544 3.526802 2.031266 1.732628 -4.739208 4.413336 -1.996702 1.554858 4.911136 -3.745945 -3.501569 -1.288481 1.610892 -0.961381 4.548029 -1.418318 3.193436 0.290781 4.666499 4.255665 -4.442268 3.549366 1.722141 -4.519638 -3.303572
118 36.4366702142 19.9691506092 -1.449454 2.253808 3.615202 3.990464 3.742130 -0.937603 -1.607861 -1.464780 0.135938 -2.643253 3.292707 -3.171375 -1.324625 4.797261 -4.903470 -0.369692 4.588507 4.770787 -4.675718 -2.453298 0.448695 4.949512 -1.265690 -3.024975 3.105913 -3.633841 -3.329022 -2.816908 0.302078 2.821597 -0.144266 -2.260808 -4.321200 2.296340 2.025172 -4.867741 -0.484547 -4.578235 -1.689790 2.821711
119 88.3808436873 19.9691506092 -3.084911 -1.242670 0.281519 1.317004 2.136220 -1.288757 -1.267600 -0.285749 -3.702759 -4.482253 4.512320 2.178667 4.034391 3.134996 -4.968067 2.460570 3.238128 0.645023 -1.474504 0.053986 3.396540 -0.606691 3.341338 2.920768 -2.499994 4.444912 -1.513629 -4.120517 -1.231314 -0.686386 -4.356167 1.517602 -2.693389 -4.553393 1.202437 1.041603 1.966901 3.828255 -4.958890 3.977230
120 67.7528973868 19.9691506092 2.386946 -2.163728 0.109510 -0.612766 2.529753 0.276888 4.149390 -1.801257 -1.575744 2.047185 3.662509 2.871940 3.444080 4.699824 -4.719062 -2.649638 -4.882391 -2.012320 3.686647 -2.215488 -2.981414 -3.312734 -0.484575 -0.779440 0.829995 2.042244 0.594215 -1.341248 -3.357730 4.247905 4.043007 2.872223 4.050671 -3.772357 -1.789043 3.641148 1.160517 -0.282123 -4.721594 2.021228
121 171.3635407938 19.9691506092 2.730917 4.276592 2.493294 0.487794 2.016452 -3.573401 -1.654144 3.134053 4.313473 3.394964 -0.043466 -4.916088 4.522829 -0.515653 4.257792 -1.824890 -1.973638 4.448443 0.821183 -4.547246 -0.863636 -4.650627 0.548313 -0.863989 -4.918054 -0.045671 3.921685 2.245571 0.857525 0.649032 1.439805 3.858449 3.494356 -0.650558 2.446818 -4.607865 0.278824 -0.079802 -2.809155 -0.922327
122 105.3817949633 19.9691506092 2.769327 -0.331726 4.941693 1.364688 1.621016 3.700008 -0.768570 4.366827 -3.788873 -1.326479 2.257638 0.326078 3.696590 1.979712 1.539074 0.479713 3.275959 -2.821382 -1.566303 4.098120 -1.654285 -1.251418 0.985519 3.314174 -3.548119 -0.891924 1.107614 4.841469 -0.263897 4.361543 -0.045615 -1.151468 -0.779907 -3.634795 4.963480 -1.699848 -4.428130 -3.787070 -2.023531 -1.555481
123 125.6647671401 19.9691506092 2.073566 0.380831 0.196755 0.653153 -2.065850 -4.361871 -4.960548 -0.234165 4.880617 1.117607 -3.374858 -4.595794 2.939343 -3.121588 3.006004 -4.991912 -0.056021 4.953994 2.715021 3.680224 -0.491750 0.068735 2.341069 0.785105 -2.401186 3.258322 -3.758388 4.627821 -0.953314 0.738380 1.422366 4.763721 -3.450316 -0.226516 3.853905 -0.384998 2.035666 -3.984121 -3.556890 4.576856
124 38.6672948615 19.9691506092 -2.006946 4.062318 -4.288543 -0.979214 -1.400794 2.062897 -0.027097 -1.589737 -0.976312 -1.041923 -1.304644 -1.983197 0.766405 1.385045 0.980487 2.900224 0.470718 -3.939264 -2.907438 4.990890 -2.352589 -1.722459 3.692388 -2.213624 -4.269302 -4.762923 1.345995 1.036630 -1.114581 -1.310407 -4.050616 -1.371091 0.505324 0.739837 3.957116 -4.674365 4.602567 0.643324 -4.984183 0.125433
125 94.8048848349 19.9691506092 -2.519921 4.665340 -4.753719 -1.377000 -4.129839 -0.711196 -2.740340 -4.971659 -4.605120 -1.503396 4.307973 4.697798 -3.340530 3.942139 -4.808889 -4.031514 4.865758 3.146442 2.753610 -1.252470 3.548484 0.934471 0.797975 2.100808 -1.101152 4.455496 1.976374 -0.734220 4.808442 -3.373311 3.057445 -1.295938 3.835532 3.688609 -0.678794 -0.609560 -3.951142 4.951133 -4.330880 -1.154269
126 50.0436666884 19.9691506092 -0.435878 -0.409227 2.096946 -3.768880 1.930355 -4.247790 -2.509628 -1.655367 2.501410 -0.643003 1.674002 -1.791141 3.215481 -4.644944 -4.899300 3.968850 -4.606051 2.678200 -1.683499 -3.760067 4.274602 -1.686005 -3.565383 3.669278 -0.503672 2.599138 -4.194170 3.685906 -3.657774 1.125596 -4.895274 -1.704569 3.609499 -3.777005 4.751571 -0.272280 3.777276 3.333034 -2.349293 -2.772119
127 52.7931345929 19.9691506092 0.301461 -2.832470 -2.419911 -4.430826 -0.501960 -3.617299 4.329993 3.789453 2.666066 -4.355530 -1.359498 2.113619 4.813981 4.222430 3.557513 1.271662 -4.642181 2.050169 2.977540 -3.573532 1.047661 -4.936302 -1.628259 1.562671 -2.668972 4.038895 -2.252036 -1.114811 -0.622624 3.096714 -0.422030 0.883366 1.555391 3.539801 3.696807 0.852835 -3.860836 -0.518903 -1.160912 0.848889
128 129.8551064552 19.9691506092 -3.455011 2.412795 -2.154846 -4.032139 0.145914 2.941822 3.789928 -0.796221 0.487043 2.602481 -4.464832 -4.263932 -1.420619 2.637455 0.730634 3.330590 4.906638 0.484262 -3.527724 -4.512965 4.689767 -2.582601 -3.611844 3.988796 1.601533 0.330709 0.730311 3.908950 1.050734 2.611395 -4.543689 2.904006 2.405984 -2.647416 -3.226276 4.998935 2.576998 -3.057482 -4.990569 -4.527585
129 68.8770371196 19.9691506092 0.821743 0.686737 -2.809913 -4.301262 -2.644330 3.946388 -3.774294 -0.353557 2.395987 -4.060109 -2.711845 -4.964266 4.068440 -4.972989 0.339294 3.049690 -1.563199 4.883098 -1.559879 -0.233713 -2.372290 3.215466 -0.041004 -3.854638 -2.119401 1.599886 2.210906 2.517835 -2.926922 3.227805 2.303926 2.961494 4.723044 -1.769543 4.456559 3.815910 -0.404782 1.021292 -4.429223 4.349190
130 46.1159974228 19.9691506092 -1.758981 -1.599735 -1.459193 -2.726077 -1.149095 -1.253826 -3.160284 -3.202579 1.586589 -1.964966 -3.681128 4.075503 -1.934780 4.278262 0.469285 4.010269 1.449243 4.960951 -4.941546 1.403494 -2.843273 0.034762 1.765920 4.365033 2.741794 4.641011 -0.258829 4.768586 -3.062434 -4.051416 0.481465 -4.226276 -2.497826 -2.861300 3.328652 -1.050899 4.147679 -0.950697 -3.962876 -1.455171
131 76.8896374981 19.9691506092 -3.723970 0.588301 4.348725 -4.488880 -4.833366 -3.109745 -2.157159 -0.160129 -3.953857 -4.300748 -1.377151 4.391027 -0.805387 -3.336437 -4.075239 2.989196 1.661593 4.581109 -1.419220 2.952645 0.978511 1.998092 4.619524 -2.959552 4.025970 -3.320356 0.121513 -3.309658 -0.567665 2.140381 -1.089175 3.253591 -4.840544 3.171008 3.427022 -0.195416 -4.128414 -3.436476 -4.592010 3.535352
132 56.2646532484 19.9691506092 2.816560 0.492950 -1.626310 2.179162 -4.439574 -2.806388 -0.221489 -0.359371 3.957130 2.525608 -4.760557 -2.773824 1.776375 -3.680031 1.095608 -3.867795 4.106701 3.444567 3.397979 -3.890663 -1.925319 -1.945934 2.030126 2.626667 -0.455947 -4.670214 -4.983321 -2.234409 -0.742126 0.813248 -0.345010 4.299841 3.947826 -3.536328 3.296343 -1.684980 0.551175 4.511066 -2.902808 -4.745518
133 130.6859890897 19.9691506092 1.513599 1.186493 2.466409 4.039704 3.954177 -1.056911 1.022767 -0.631164 4.127677 4.283443 3.935627 -1.980006 -4.045917 -2.720156 3.752499 -4.733069 3.338488 3.386343 -2.318776 -4.129397 -2.844867 -1.216452 2.910737 3.872029 -2.257050 -0.032134 2.860459 0.837869 -4.254589 -2.347484 2.824571 3.107215 -1.641714 -2.541984 -1.170403 -3.554707 1.419511 -2.812801 -4.495358 -0.095779
134 87.5436651800 19.9691506092 0.683935 -0.591446 -0.754539 0.308309 -4.354552 3.692708 4.802066 0.047176 2.490934 0.059068 2.496302 -3.146519 -2.940567 -1.041929 3.948949 -1.620631 -1.348475 3.053013 -4.501111 -4.660050 0.643667 -0.339206 0.258246 -1.939382 -3.958103 0.936656 0.744141 4.370084 -4.224569 4.354230 -2.470308 -3.605330 0.802816 3.653642 0.656376 -1.679212 3.260048 -3.598955 -4.898487 -3.834660
135 123.4604225722 19.9691506092 -0.663829 0.376273 2.189449 -1.592145 -4.560509 -0.600674 1.572427 1.614115 -4.569718 -4.369448 0.405836 -1.221676 2.684226 1.222887 2.525233 1.972811 2.572576 3.350708 0.702100 -4.712278 -1.714702 -2.269981 4.003237 4.942975 0.022251 2.137638 0.117935 0.933710 -0.952631 -2.045156 3.936677 -0.799119 -2.731018 -2.016402 1.148071 -2.561314 3.084843 -0.016779 0.234534 -2.648415
136 40.2179500964 19.9691506092 -0.278486 -1.304055 0.594584 -2.288871 -1.008334 -3.059064 -3.865097 -2.884361 -4.204407 -4.892078 3.640850 -1.170454 -0.308103 0.274747 -4.016731 3.965732 3.561290 -2.359790 2.569111 0.965556 -4.181059 -2.728891 -1.529683 4.891826 2.516552 2.563204 3.006196 2.097386 -0.506493 -4.289650 -4.285235 -1.243551 0.425042 3.662969 3.353389 3.883926 0.077948 -2.321440 -0.860415 0.690082
137 68.9974022062 19.9691506092 3.264079 -3.150990 -1.766960 1.796287 2.586669 3.204293 3.923381 -3.503797 0.301716 1.607739 2.790055 -1.940993 2.941000 -4.359884 1.535467 -4.681206 -1.211562 4.711045 3.787085 2.817463 -3.260677 -3.326128 -3.963999 -1.660404 -4.160907 -2.220911 -4.603391 4.526454 4.592521 -1.888933 -2.473366 4.537112 -4.926835 0.660244 -2.159003 -4.136596 2.136284 2.031461 -2.017942 -4.360731
138 46.8382334077 19.9691506092 -0.211619 4.326438 -3.356669 -3.230482 -3.434855 2.620560 -0.550344 4.914115 3.887994 -1.881524 3.909160 -0.581961 -0.731891 -0.135798 1.201158 -0.236012 -1.882186 3.761620 2.325227 -4.392363 -1.621001 -4.832476 2.953626 -0.303018 1.126085 0.299116 1.091185 -2.393041 -3.634436 0.859755 2.219049 1.691481 1.917314 -4.120623 -0.117411 2.555094 2.159903 -2.534172 -3.114709 3.467374
139 105.2216764377 19.9691506092 4.282894 -1.280280 4.234992 -2.384270 1.545220 -0.053409 -2.427359 -1.672818 0.534935 4.337638 3.274123 -4.977794 -3.167136 4.947189 -0.499971 3.990361 1.237773 -0.201192 -2.302002 -2.581363 -2.502627 -4.641922 -4.762464 -0.438516 -4.828719 4.706048 -4.304122 2.413463 -2.639883 -3.431160 -0.335553 -2.062858 2.624996 4.863145 2.049915 -4.304971 -0.509293 -2.013458 -3.557512 3.132156
140 73.9972530620 19.9691506092 -2.282474 4.700467 1.468602 -1.183985 1.078630 -0.392699 -0.232286 3.884311 0.071095 2.302187 0.109609 1.526770 -0.646223 -0.313382 4.859148 -4.312432 4.397372 1.253089 -0.975681 4.996316 3.769899 -1.964140 1.554081 3.626362 -1.541767 -3.302639 1.522167 -4.708814 -1.440238 4.577852 1.097037 4.805871 4.076942 -0.525764 4.455139 -1.382880 -0.481651 -4.893787 0.019810 0.683928
141 73.7859924892 19.9691506092 -3.084543 -3.813909 -4.361647 2.853088 -0.525719 -4.066697 3.660099 3.766701 -0.440819 -0.093910 2.666648 2.106747 -0.315001 -4.371460 -3.207187 1.425742 2.758909 4.887391 1.421781 -4.119347 -1.266157 3.557904 -0.283049 0.432406 3.450059 -2.424930 1.803041 -4.566369 2.823726 -1.583864 3.624954 -2.510948 -1.442874 -3.254535 4.818240 -4.705295 -2.798520 -4.446826 -1.359403 0.331031
142 58.3532188371 19.9691506092 3.993894 -0.957328 0.517037 -4.898073 -0.034245 -4.152859 2.322848 3.166876 0.904630 -2.966819 2.526414 2.393817 4.714827 0.256133 -1.905452 1.156600 2.969215 3.621271 -0.038633 -3.653549 -4.734503 -1.296175 0.802982 3.946268 1.496142 0.767804 -2.154099 1.891399 -1.945175 -1.184219 3.850183 -2.112225 1.992378 -3.616691 4.319171 -0.008061 -3.216322 -0.930745 -2.203485 4.894875
143 47.9181989069 19.9691506092 1.002630 1.450873 -1.166263 1.314194 4.830870 3.659296 0.269200 -0.048410 3.944594 -1.137783 2.031802 1.379831 2.189087 -0.843187 2.680943 1.697790 4.765697 4.182843 4.534493 3.221957 -1.642221 0.098170 -0.518890 -2.067182 2.869794 4.928796 2.777756 0.279364 2.715337 3.366517 4.936886 2.470995 -1.257567 -0.925781 2.762821 -4.864167 4.917308 2.494756 -1.942304 -4.710687
144 48.5887764312 19.9691506092 -4.213409 1.837937 1.776031 2.144435 -0.734146 1.782735 -4.649752 -2.873743 -2.447753 4.678509 -4.282518 -4.948612 3.986896 -1.790405 -2.949203 -1.979365 -3.955280 -4.312011 3.309883 3.627249 2.759010 -0.756454 3.664674 4.928325 -3.389373 1.804907 -3.823167 0.377435 -4.684612 -3.039084 3.838881 -0.473921 -1.754826 -1.465406 -4.549839 -4.330774 0.423099 -3.251921 -1.146190 -0.200502
145 42.1474470494 19.9691506092 4.927332 -3.394090 3.459131 -1.284922 -4.350968 -0.867084 -1.680601 1.941115 4.810048 -4.142261 4.817117 3.070751 2.145081 2.103980 -0.342480 0.935560 4.698780 4.737000 2.499514 -1.340176 -0.543722 -4.503083 -3.530723 -0.745378 0.931202 1.726151 -0.149864 1.295090 -3.538455 0.598764 4.141740 4.583797 0.195534 -4.714318 -4.463250 -1.070439 -1.862079 -1.398619 -4.037739 -0.125006
146 155.2445638654 19.9691506092 2.603557 -2.160865 2.017710 -1.612827 1.575946 -3.324772 4.751829 0.806701 -2.579124 -3.065161 3.013052 -4.097221 -1.020393 -0.493821 0.365667 3.692167 -2.555943 4.842073 -3.479472 -0.961198 4.211031 -2.336849 -3.551228 -2.351003 -2.277764 0.776352 3.368481 -0.152725 -3.309369 3.890953 -3.614213 3.015877 -1.955845 -3.518372 4.489077 -4.003486 -3.037613 -4.875720 1.304104 0.703301
147 116.6059186756 19.9691506092 4.564067 -3.715677 -4.620538 2.531524 4.612833 -2.995962 4.621458 2.707766 -4.160427 2.431807 0.879556 -4.036659 -1.910484 4.802842 1.151757 -1.092077 -2.664176 4.979616 0.542072 -0.849910 0.632495 0.608915 -2.456658 -0.094510 -0.165309 4.434946 4.365582 0.507068 0.987076 -2.315810 -3.735146 2.298547 4.265899 -0.580497 2.474799 -4.112439 -4.602919 1.185488 0.210107 -4.827395
148 51.6998407988 19.9691506092 3.270730 2.469583 0.946874 1.958272 -3.649902 -3.583805 3.732489 3.084142 -4.401893 4.532940 2.055769 -2.924084 0.917582 -0.573598 -4.802055 2.546851 1.882454 3.378780 -2.735993 -3.173449 0.741100 -0.722323 1.695546 -2.219925 0.562432 -2.268411 -4.272454 -4.982483 4.972208 3.145426 -3.558534 -2.060469 3.786084 3.300635 -0.522497 1.190538 -2.466212 -4.941211 4.798867 2.235614
149 42.6911263582 19.9691506092 4.638099 -4.000223 1.800042 1.660018 -1.622920 -1.012371 4.132773 -1.963174 -4.346040 -3.848458 3.940086 -4.882641 -4.004054 0.784814 -3.018069 -0.212244 -2.613288 4.804472 2.445970 0.341689 -0.910118 3.769514 0.070236 -4.612680 0.990219 -4.951949 -4.037302 -2.084423 -4.113708 3.132934 -3.694091 -0.321783 -2.450477 -1.165608 -1.525096 0.665139 -0.121739 -0.665210 -3.617771 1.633133
150 104.7935553082 19.9691506092 4.805351 2.882180 1.534582 2.895983 -0.221885 -3.664552 1.864157 -1.830831 2.983620 2.054855 -2.411054 -4.818235 2.750760 -0.891190 -1.673381 -3.148196 -4.201919 3.711421 0.661555 2.941475 -2.028622 2.965607 3.430047 4.639583 -2.418864 3.964939 0.635332 -1.226788 -4.783471 1.646062 4.756695 2.128882 -0.831440 -3.067731 2.495431 -4.714296 3.475645 3.824862 1.496900 -4.771222
