evaluations raw_y raw_y_best x0 x1 x2 x3 x4 x5 x6 x7 x8 x9 x10 x11 x12 x13 x14 x15 x16 x17 x18 x19 x20 x21 x22 x23 x24 x25 x26 x27 x28 x29 x30 x31 x32 x33 x34 x35 x36 x37 x38 x39
1 37.0506457486 37.0506457486 -0.650000 4.350000 -1.650000 -4.950000 4.650000 -2.350000 1.850000 -3.250000 -1.250000 3.550000 0.350000 2.050000 2.650000 3.650000 3.250000 1.050000 2.850000 0.150000 -1.750000 -1.850000 -0.850000 -3.450000 3.450000 -2.850000 -1.850000 0.150000 0.350000 -3.350000 2.850000 0.750000 2.250000 2.450000 3.750000 0.350000 -2.250000 1.150000 -4.950000 4.250000 -1.450000 -2.950000
2 34.6934865641 34.6934865641 -4.650000 0.750000 -2.850000 -0.850000 -4.350000 -2.550000 4.450000 2.850000 3.250000 1.250000 -1.650000 3.750000 1.550000 -2.750000 1.250000 2.250000 4.850000 -2.050000 2.750000 -0.050000 2.950000 -2.750000 1.150000 4.750000 -1.750000 -4.750000 -0.450000 -0.150000 2.150000 -1.650000 -2.050000 -2.550000 -3.150000 2.850000 -4.450000 1.450000 0.850000 0.750000 4.350000 -3.550000
3 53.4605902534 34.6934865641 0.850000 -1.750000 -1.250000 -1.250000 3.250000 2.250000 -0.250000 -1.850000 -1.150000 -1.150000 0.650000 3.450000 -3.550000 -2.850000 3.050000 -2.050000 -1.850000 -4.550000 -3.150000 3.050000 3.350000 -4.450000 3.350000 -1.450000 -1.050000 2.150000 -4.150000 2.750000 -4.450000 0.450000 -3.750000 4.750000 -1.750000 -4.850000 2.050000 2.450000 -3.750000 -2.450000 -4.350000 -0.250000
4 88.6007438094 34.6934865641 1.250000 3.150000 -0.850000 -3.450000 2.450000 2.550000 0.150000 3.050000 -4.950000 -1.350000 -4.950000 0.750000 -3.150000 3.550000 -4.850000 -3.650000 3.850000 -4.050000 -3.350000 -1.350000 3.850000 -3.950000 3.650000 0.850000 -0.050000 4.750000 -3.950000 3.350000 -0.550000 0.250000 -3.250000 -4.450000 -0.450000 4.350000 -0.850000 -2.450000 0.350000 4.750000 -4.150000 -1.450000
5 96.9911334311 34.6934865641 0.450000 0.050000 -1.350000 4.750000 -3.150000 2.050000 0.750000 -2.250000 -4.050000 -0.850000 3.150000 2.150000 2.550000 2.450000 -4.250000 -3.050000 -3.350000 -2.450000 -2.150000 -1.550000 -3.350000 3.450000 3.250000 -3.650000 -0.750000 -1.550000 -3.650000 -2.750000 4.850000 -0.950000 0.450000 3.150000 -4.950000 1.450000 1.350000 4.050000 -3.950000 1.250000 0.250000 2.450000
6 84.6405439763 34.6934865641 4.950000 -2.050000 4.050000 4.550000 -1.750000 -3.050000 -3.250000 1.050000 2.950000 -0.450000 4.550000 4.350000 0.350000 2.250000 -4.150000 1.650000 -2.250000 1.550000 -1.950000 2.250000 4.050000 0.250000 -4.350000 1.350000 -1.150000 4.550000 -4.550000 -1.150000 0.550000 2.450000 4.650000 -4.250000 -4.550000 -0.550000 -1.950000 1.350000 -0.250000 2.350000 4.250000 1.050000
7 55.1338893436 34.6934865641 1.350000 -4.650000 1.750000 -3.350000 -3.850000 4.450000 3.650000 -0.250000 -0.450000 4.550000 2.450000 -3.650000 -4.050000 -3.350000 0.250000 2.950000 0.550000 4.850000 0.250000 -4.150000 -1.650000 -3.250000 -0.350000 2.950000 0.850000 4.450000 4.150000 3.450000 3.050000 4.750000 3.750000 1.650000 3.950000 3.850000 2.750000 2.750000 0.250000 -4.850000 -2.450000 1.450000
8 53.2435903570 34.6934865641 -3.150000 1.050000 1.950000 3.950000 -1.250000 2.850000 -0.150000 -1.750000 -0.950000 4.150000 -3.550000 -4.550000 -1.350000 3.450000 -1.850000 0.750000 1.150000 -3.950000 -1.850000 0.050000 0.450000 0.450000 4.650000 3.050000 -2.550000 4.650000 -3.050000 -3.150000 -3.250000 0.850000 -4.350000 -2.150000 1.250000 1.350000 2.550000 -1.750000 3.550000 -4.750000 -1.550000 4.550000
9 34.6875511279 34.6875511279 4.450000 2.450000 4.450000 1.950000 -4.050000 -4.050000 1.250000 -2.150000 2.650000 2.250000 2.650000 3.150000 -1.850000 -3.550000 2.050000 1.850000 0.750000 -0.950000 -0.550000 1.850000 2.450000 0.750000 4.450000 -3.050000 -1.950000 0.550000 0.650000 -4.050000 -2.550000 0.050000 1.250000 -0.550000 -0.750000 -4.650000 4.750000 -3.750000 1.850000 -1.850000 3.350000 -3.750000
10 56.5383785158 34.6875511279 4.750000 2.250000 -2.150000 -3.150000 -1.450000 -2.950000 2.850000 -1.650000 3.350000 2.150000 -3.350000 -4.950000 1.650000 1.350000 4.850000 2.150000 -2.550000 -3.450000 -4.050000 -3.650000 1.750000 2.550000 -4.750000 0.750000 -3.950000 -0.350000 4.350000 -4.150000 0.150000 -2.850000 2.650000 -4.850000 -4.650000 -3.450000 1.650000 -2.150000 -0.450000 -0.950000 -4.750000 3.150000
11 30.7330478684 30.7330478684 -3.750000 4.050000 -2.750000 -0.050000 0.950000 4.750000 -2.750000 2.750000 2.550000 3.050000 1.950000 2.950000 -1.550000 -2.650000 2.950000 -2.350000 1.950000 1.350000 -0.850000 -2.150000 3.050000 -4.650000 -0.750000 -0.550000 1.350000 4.150000 -4.050000 1.750000 -4.250000 -0.450000 0.350000 -3.650000 -4.050000 1.650000 1.050000 -4.250000 -0.050000 1.350000 1.250000 -0.350000
12 23.4628069043 23.4628069043 -3.450000 -3.350000 3.050000 -4.650000 -0.650000 -2.250000 2.650000 1.150000 0.450000 3.850000 -1.950000 1.850000 -0.150000 -2.050000 4.750000 3.950000 1.650000 0.950000 4.450000 3.550000 -1.750000 -2.950000 -3.550000 0.950000 1.150000 1.150000 3.050000 -3.650000 -0.850000 -3.050000 -4.250000 -0.450000 3.350000 -1.650000 -2.650000 0.450000 -1.650000 4.850000 0.450000 0.850000
13 24.9172527653 23.4628069043 -1.150000 -2.650000 0.750000 3.250000 0.050000 -0.950000 -1.150000 4.450000 0.050000 2.350000 -4.350000 -1.950000 3.550000 -4.850000 -3.750000 -3.750000 -1.050000 0.050000 -3.650000 2.850000 -1.050000 1.550000 3.750000 -4.850000 3.450000 0.650000 -2.350000 -3.950000 -2.250000 -2.550000 1.550000 2.050000 1.850000 1.250000 1.950000 4.750000 -4.650000 -3.050000 1.350000 -2.550000
14 78.4429966425 23.4628069043 3.250000 -2.250000 -1.850000 3.350000 -4.850000 -2.850000 1.350000 -3.650000 -2.050000 -4.450000 -4.750000 -2.750000 -4.550000 -3.950000 -0.350000 2.350000 4.950000 1.250000 -2.250000 -2.650000 -1.350000 3.550000 -3.250000 -1.950000 2.750000 0.250000 -0.250000 4.650000 -3.650000 3.350000 2.850000 1.450000 -1.350000 3.350000 -1.450000 2.850000 3.250000 4.350000 -3.550000 1.750000
15 35.0519780556 23.4628069043 -1.750000 -2.150000 3.950000 -0.350000 -2.950000 -0.650000 -1.350000 -4.850000 4.150000 2.750000 1.550000 -0.750000 -3.350000 1.650000 0.350000 -0.650000 -3.550000 0.350000 3.850000 0.450000 -0.350000 -0.050000 1.950000 3.950000 0.650000 3.850000 -0.950000 -3.050000 2.650000 -0.650000 0.950000 0.650000 -2.550000 -3.150000 -4.950000 3.450000 -2.750000 -0.150000 -1.150000 0.250000
16 37.8204104808 23.4628069043 -3.250000 -2.750000 4.650000 -2.750000 -1.150000 4.150000 -1.050000 -2.050000 -4.250000 2.450000 4.450000 -3.050000 -0.350000 0.350000 -0.450000 3.450000 -2.050000 -2.950000 2.450000 4.450000 4.850000 -1.050000 2.350000 -2.050000 3.850000 -4.150000 2.350000 1.250000 2.750000 1.650000 -0.350000 0.850000 -1.150000 2.650000 3.650000 -0.050000 -4.850000 -3.950000 0.750000 0.750000
17 108.7358879313 23.4628069043 1.050000 -3.150000 -1.150000 -0.750000 3.950000 -1.050000 -4.950000 0.850000 3.550000 -2.950000 3.050000 -4.350000 -4.250000 -3.150000 -4.650000 -4.550000 -0.350000 2.650000 -1.050000 -2.750000 2.650000 -2.050000 -2.550000 2.750000 -3.550000 3.550000 -4.250000 3.750000 3.950000 -3.650000 -2.150000 -1.050000 1.750000 0.050000 -2.050000 -0.750000 0.750000 2.250000 1.550000 -3.350000
18 25.4702448143 23.4628069043 1.150000 -0.750000 4.750000 0.650000 -3.350000 -3.750000 2.350000 1.950000 -4.150000 -1.050000 3.750000 0.550000 -3.450000 4.550000 -1.750000 0.850000 2.350000 3.150000 -1.350000 2.650000 -1.450000 4.950000 1.750000 -1.550000 -3.650000 2.050000 -2.150000 -1.750000 1.350000 -4.650000 4.050000 0.950000 -3.950000 1.950000 -0.150000 -4.750000 2.650000 2.850000 3.150000 0.050000
19 171.9081053020 23.4628069043 -0.150000 -3.850000 -4.350000 0.850000 2.650000 -0.850000 -3.850000 -2.750000 -2.350000 -2.350000 4.150000 -2.050000 2.150000 1.250000 3.150000 -1.750000 4.150000 -3.050000 1.550000 4.650000 -3.650000 -2.550000 0.650000 3.750000 4.550000 -0.150000 1.350000 3.050000 3.450000 2.650000 -2.450000 -2.250000 -3.850000 -3.750000 3.050000 4.850000 -3.350000 -3.450000 -4.950000 -4.250000
20 82.6984215213 23.4628069043 -1.850000 2.550000 0.350000 0.150000 -3.950000 -2.050000 4.750000 -4.250000 3.450000 0.550000 4.750000 -2.850000 3.650000 -0.050000 -1.550000 3.550000 -3.450000 4.750000 1.350000 -3.750000 3.650000 -3.850000 1.850000 4.150000 0.950000 -2.550000 3.550000 -1.650000 -3.150000 1.550000 3.050000 -0.350000 -1.950000 -4.050000 4.150000 -0.250000 -4.150000 -1.350000 4.150000 0.150000
21 32.5591418085 23.4628069043 0.350000 0.950000 -1.950000 -0.150000 -1.050000 3.250000 -3.450000 -1.150000 -1.950000 -3.250000 4.650000 1.750000 -2.250000 4.050000 0.950000 3.350000 3.150000 3.050000 -0.050000 3.250000 0.050000 1.250000 -4.950000 -0.250000 -0.650000 0.950000 -1.050000 -2.550000 -1.150000 1.750000 4.250000 3.050000 -1.050000 -1.450000 -2.950000 0.750000 3.050000 -3.350000 -1.050000 0.950000
22 24.6851408784 23.4628069043 1.550000 -0.850000 -0.350000 -0.650000 3.450000 4.650000 -0.950000 -3.950000 -4.850000 1.350000 -0.950000 -2.350000 -0.850000 -3.750000 3.950000 1.150000 0.450000 0.550000 -3.250000 3.150000 0.750000 0.950000 -2.050000 4.050000 0.250000 0.350000 -1.150000 -0.350000 2.050000 2.050000 -0.950000 4.950000 4.150000 -0.450000 1.150000 -1.550000 -2.650000 0.650000 3.750000 3.950000
23 27.0386247417 23.4628069043 2.850000 -2.850000 4.250000 0.350000 -2.850000 2.750000 1.550000 0.550000 1.450000 -1.950000 -2.050000 -0.950000 -4.850000 2.950000 -1.050000 -0.050000 -1.950000 2.850000 -3.850000 2.150000 0.850000 4.850000 3.550000 -0.350000 -0.150000 0.450000 1.750000 1.150000 -4.350000 -3.950000 1.050000 -3.350000 -4.450000 2.950000 -4.250000 -0.950000 4.850000 4.150000 4.650000 2.850000
24 34.0160402806 23.4628069043 -4.050000 -0.350000 3.750000 2.450000 2.350000 1.550000 -3.750000 -4.450000 -3.950000 -1.850000 2.750000 3.950000 -0.050000 -1.350000 2.250000 -4.050000 -1.650000 -2.350000 1.250000 -4.650000 1.950000 -1.550000 0.250000 4.850000 -0.350000 1.050000 -4.650000 -0.850000 0.050000 -0.750000 -2.250000 -2.950000 -0.050000 1.050000 -2.850000 -3.050000 4.450000 -4.150000 -0.150000 -4.950000
25 51.6713354498 23.4628069043 0.150000 -0.250000 0.250000 -3.050000 0.450000 -4.650000 4.350000 -3.550000 -0.850000 0.850000 -2.650000 -1.250000 0.650000 -0.750000 0.650000 4.450000 -4.250000 -1.650000 -0.250000 -2.850000 3.750000 4.150000 0.450000 3.150000 -4.250000 4.850000 -4.750000 2.950000 1.750000 -1.150000 -3.050000 3.450000 4.050000 -0.850000 3.750000 -4.150000 0.050000 4.550000 3.650000 3.350000
26 51.7158689739 23.4628069043 -3.550000 -2.350000 1.650000 4.950000 3.750000 -3.350000 -4.250000 0.750000 -1.850000 0.750000 0.850000 3.850000 2.350000 3.050000 -0.250000 3.250000 0.050000 0.250000 -4.450000 -0.750000 -4.850000 1.850000 -1.750000 0.550000 -0.850000 4.050000 -4.350000 -3.550000 -4.550000 2.350000 1.950000 4.050000 4.850000 2.250000 0.650000 2.150000 -3.550000 2.150000 -3.350000 -2.050000
27 39.7414412592 23.4628069043 3.450000 3.950000 0.050000 2.650000 -0.550000 1.750000 2.450000 -3.050000 -2.650000 1.150000 4.050000 -2.550000 4.750000 -3.650000 -1.450000 -0.850000 -3.850000 -0.150000 0.650000 1.950000 -3.450000 4.250000 2.150000 3.650000 -4.350000 2.250000 4.550000 -0.550000 -3.450000 3.850000 1.450000 2.550000 4.650000 -0.250000 2.950000 -3.350000 -3.450000 -0.750000 -0.250000 2.950000
28 31.7859606746 23.4628069043 0.550000 -0.450000 -4.150000 -2.650000 -3.250000 3.850000 3.550000 -0.350000 -1.050000 1.550000 -0.050000 -4.050000 3.450000 -2.450000 -2.750000 4.050000 -3.650000 -0.350000 4.850000 3.950000 -4.050000 2.850000 -3.750000 -1.850000 -2.850000 -4.950000 -0.850000 3.150000 2.550000 -4.350000 2.150000 -1.150000 0.450000 0.750000 4.550000 0.150000 -4.050000 1.450000 1.950000 1.250000
29 24.7353484667 23.4628069043 0.650000 -1.350000 0.550000 -4.350000 4.150000 0.050000 1.050000 4.750000 -3.650000 3.150000 1.650000 0.950000 3.250000 -2.950000 -0.550000 4.950000 -2.150000 -0.550000 -2.650000 -4.350000 -2.650000 0.550000 2.250000 3.450000 -0.450000 3.250000 -3.550000 1.650000 1.450000 -4.450000 3.150000 0.450000 -3.450000 -0.050000 -3.050000 -1.350000 -4.750000 -0.450000 2.550000 -1.350000
30 56.2456832320 23.4628069043 -2.750000 -3.750000 -3.150000 2.750000 -3.750000 -1.350000 2.550000 -0.850000 1.050000 -4.050000 1.450000 2.850000 0.850000 4.850000 0.850000 -0.250000 2.550000 1.750000 -4.950000 0.850000 0.150000 3.850000 0.350000 1.450000 3.050000 -0.250000 4.250000 -4.450000 0.350000 1.950000 2.350000 -2.450000 -0.550000 -2.250000 -4.650000 0.050000 3.450000 -2.250000 -3.450000 4.150000
31 30.4103470148 23.4628069043 2.650000 2.950000 -4.450000 -1.150000 -2.250000 3.150000 -2.250000 -0.450000 -3.850000 -4.950000 3.250000 4.950000 1.150000 -4.350000 -2.050000 -1.550000 0.150000 2.450000 0.350000 -4.250000 -1.250000 2.250000 1.550000 -4.050000 -4.150000 2.850000 4.950000 -2.050000 -2.750000 -4.550000 2.450000 -1.250000 -1.450000 4.050000 -0.350000 -3.850000 4.250000 1.750000 -4.550000 -0.150000
32 31.4194449166 23.4628069043 3.950000 0.250000 -0.450000 4.850000 4.550000 -4.550000 -1.750000 3.350000 -0.250000 1.650000 1.850000 -1.750000 1.950000 -0.350000 -0.750000 1.750000 4.350000 3.550000 -0.750000 4.850000 -2.250000 -4.150000 -4.850000 3.250000 4.650000 -4.050000 2.250000 -2.950000 -0.150000 -1.050000 -4.550000 3.950000 4.550000 -4.350000 0.350000 -4.050000 -2.950000 -1.950000 3.050000 4.350000
33 18.5425941856 18.5425941856 3.550000 1.850000 -2.250000 -1.850000 0.350000 -1.850000 -2.150000 -4.050000 2.150000 -3.050000 -1.050000 3.650000 1.450000 -0.650000 -3.250000 1.250000 -0.950000 -2.150000 0.850000 -3.150000 -2.950000 0.650000 -3.450000 -1.650000 -1.350000 -1.450000 4.850000 -4.950000 0.450000 -4.950000 0.250000 2.250000 4.350000 2.150000 -0.250000 4.650000 1.950000 -1.150000 -4.450000 -0.650000
34 35.4627346415 18.5425941856 2.350000 -0.150000 1.850000 -0.550000 -3.450000 2.450000 -0.550000 0.250000 4.950000 -2.050000 0.750000 -1.650000 0.550000 2.350000 -3.550000 1.550000 -1.750000 4.950000 0.450000 -0.550000 -3.150000 4.750000 -3.150000 0.050000 3.550000 -1.050000 -4.450000 -4.250000 -0.650000 4.250000 -3.850000 2.350000 0.950000 -1.150000 -2.450000 -1.850000 -2.450000 3.850000 0.650000 3.750000
35 79.8672389372 18.5425941856 -0.950000 3.050000 -2.950000 4.450000 4.950000 -4.350000 1.750000 4.650000 3.850000 4.450000 -0.850000 -4.450000 3.150000 -4.650000 3.350000 2.050000 -3.950000 -0.250000 -3.950000 -4.950000 -4.350000 2.350000 -1.350000 -3.550000 -0.550000 3.750000 1.850000 -0.950000 3.750000 1.150000 -0.250000 2.950000 2.650000 -3.050000 -4.050000 -3.550000 2.750000 2.550000 2.250000 0.450000
36 37.1617884997 18.5425941856 4.650000 0.850000 1.350000 4.350000 -1.650000 3.750000 3.450000 3.750000 1.850000 -2.850000 -2.450000 -0.250000 0.150000 -2.250000 3.450000 -1.450000 1.750000 1.650000 3.450000 -2.350000 4.450000 -0.250000 4.050000 -2.450000 0.350000 2.650000 0.150000 0.150000 -0.950000 1.050000 3.850000 2.650000 1.450000 -4.450000 -1.150000 -4.350000 3.850000 4.950000 4.450000 -4.650000
37 38.8371349747 18.5425941856 -1.650000 3.750000 -0.650000 4.650000 1.550000 -3.850000 0.050000 4.150000 2.050000 2.550000 -3.150000 1.450000 3.350000 0.250000 -3.150000 1.450000 -4.850000 -0.850000 -4.650000 4.050000 -2.450000 4.350000 3.150000 0.450000 2.450000 -0.950000 3.250000 -1.550000 -4.850000 -3.550000 -3.150000 4.250000 -3.050000 -0.950000 3.150000 -2.750000 2.150000 -4.450000 -0.050000 -1.150000
38 69.9048706403 18.5425941856 3.750000 4.750000 3.550000 -2.950000 3.150000 -4.150000 -3.350000 -4.550000 4.850000 -0.950000 -4.450000 0.150000 0.950000 0.750000 1.950000 -1.850000 1.450000 4.550000 4.750000 -3.450000 0.550000 1.650000 -1.450000 -3.350000 4.950000 2.550000 -3.750000 -0.750000 0.850000 -4.850000 -2.850000 1.750000 4.250000 -2.950000 -2.750000 -0.350000 -0.350000 -1.750000 3.550000 -2.650000
39 53.5053385582 18.5425941856 -4.550000 2.650000 -0.950000 2.150000 0.550000 -0.750000 0.850000 3.450000 -1.650000 -4.650000 2.050000 4.550000 4.550000 -4.750000 -0.850000 0.450000 1.250000 4.650000 1.650000 -3.850000 4.950000 -2.250000 2.950000 -4.350000 -1.250000 -4.450000 -3.250000 1.050000 1.050000 2.850000 1.750000 3.750000 0.550000 -3.950000 -1.050000 3.950000 1.150000 1.950000 2.450000 -1.650000
40 42.3601632666 18.5425941856 4.250000 4.550000 -4.750000 -1.750000 3.850000 3.650000 4.050000 -0.650000 0.550000 -2.250000 4.250000 -4.250000 -0.950000 -1.450000 1.150000 -2.150000 -1.450000 -1.550000 -4.850000 -3.050000 -2.550000 -1.150000 1.650000 -4.250000 0.750000 -1.850000 2.950000 -3.750000 1.650000 -1.550000 0.650000 0.150000 -1.650000 3.550000 -0.450000 1.650000 1.750000 3.250000 3.850000 3.050000
41 33.2294067052 18.5425941856 -2.350000 4.650000 -4.250000 3.050000 -2.750000 -0.550000 -0.750000 3.550000 2.850000 2.050000 -2.350000 2.550000 2.250000 -0.850000 2.550000 2.850000 3.250000 0.650000 1.950000 -0.450000 -3.750000 -0.150000 -4.150000 2.550000 -2.750000 -3.450000 -2.250000 -3.250000 4.750000 2.750000 -0.450000 3.250000 -3.250000 -2.650000 0.150000 2.350000 4.050000 -1.050000 -0.950000 1.150000
42 21.6813037824 18.5425941856 -1.250000 3.450000 0.850000 -1.450000 -0.750000 -1.450000 0.450000 -1.350000 -0.050000 -1.250000 -3.850000 2.350000 -3.950000 -0.950000 -0.650000 -4.150000 -0.850000 -1.150000 1.750000 4.350000 -0.650000 3.950000 -1.150000 -4.750000 3.250000 -0.450000 2.650000 -2.350000 4.950000 -0.850000 2.550000 -1.550000 3.650000 -2.450000 2.250000 -0.150000 -4.450000 0.150000 2.950000 -3.050000
43 94.0311558010 18.5425941856 -2.250000 -0.950000 4.350000 -2.550000 1.350000 -0.450000 -2.450000 0.050000 4.550000 4.250000 4.850000 0.650000 3.750000 -0.550000 -2.350000 -0.550000 -0.650000 1.850000 2.250000 4.750000 -0.450000 -4.750000 1.050000 4.650000 -3.750000 -3.850000 -3.850000 -1.950000 -3.750000 4.650000 -3.950000 4.550000 -3.350000 -4.950000 -0.750000 4.950000 3.350000 3.050000 0.050000 -2.450000
44 36.7083136321 18.5425941856 -0.750000 1.550000 -4.850000 0.450000 -1.350000 -1.150000 -2.950000 -0.950000 -1.350000 -0.750000 -2.550000 3.250000 2.850000 -4.550000 0.750000 4.850000 -1.350000 -1.350000 -1.650000 -4.750000 0.950000 -1.950000 -0.050000 4.350000 1.950000 3.350000 0.050000 3.950000 0.950000 -0.550000 4.350000 -4.550000 2.350000 0.250000 0.050000 4.350000 4.650000 1.850000 1.050000 2.350000
45 158.0310353157 18.5425941856 0.050000 -1.050000 -3.450000 0.050000 3.550000 -0.050000 0.950000 -4.150000 -4.750000 -0.350000 1.050000 -2.250000 -1.650000 -2.350000 -0.150000 -1.050000 -4.050000 4.450000 3.650000 2.450000 1.850000 -2.150000 -4.550000 2.050000 -0.250000 1.450000 -3.450000 0.750000 3.150000 4.350000 -4.450000 -4.050000 -1.850000 -0.650000 -4.550000 0.850000 4.550000 -4.550000 -2.750000 1.850000
46 51.6318755192 18.5425941856 -1.450000 -2.550000 3.850000 -1.350000 0.650000 -4.850000 1.150000 -2.850000 3.950000 -2.650000 -0.150000 -3.550000 -0.250000 1.550000 -2.450000 -2.450000 4.250000 -4.250000 -2.550000 -2.250000 3.550000 -0.850000 -0.450000 -3.750000 -4.450000 1.850000 1.250000 -2.150000 2.250000 -0.050000 -0.550000 -4.350000 0.850000 2.550000 1.850000 -2.350000 -1.050000 -2.050000 -2.050000 -0.850000
47 24.2882499069 18.5425941856 1.450000 0.450000 -2.550000 3.750000 3.050000 -0.150000 -4.850000 2.250000 1.950000 3.950000 -0.550000 -0.050000 -4.950000 3.350000 4.650000 0.250000 4.450000 -3.150000 -1.250000 -3.950000 2.150000 2.750000 -0.150000 4.550000 1.450000 -2.650000 2.850000 -0.450000 -2.450000 -4.250000 -1.450000 -0.650000 -0.150000 4.150000 -1.850000 4.250000 -4.550000 -3.150000 -0.850000 2.550000
48 110.0451124981 18.5425941856 4.850000 3.350000 3.450000 1.550000 1.950000 1.650000 2.750000 2.150000 1.250000 -0.250000 -3.950000 -1.550000 4.150000 4.950000 3.550000 -4.350000 2.250000 3.950000 4.950000 1.550000 -1.550000 3.650000 1.450000 -2.250000 -2.050000 2.350000 4.750000 1.850000 -3.050000 2.550000 0.850000 -0.150000 0.650000 -2.150000 2.850000 3.050000 1.650000 -1.650000 -1.250000 -3.250000
49 93.2075177313 18.5425941856 -2.950000 0.550000 -1.750000 -4.050000 -3.650000 -2.750000 -2.850000 -0.550000 -0.650000 1.850000 -2.250000 -2.150000 -2.050000 -1.750000 4.150000 4.550000 -0.750000 -2.850000 0.550000 -0.850000 -0.750000 -1.750000 2.050000 -0.450000 -2.650000 2.750000 -2.450000 -4.650000 -2.050000 3.950000 -0.750000 -0.250000 -4.250000 1.750000 -3.650000 -3.250000 -1.850000 -4.950000 -2.850000 -2.850000
50 104.5095587576 18.5425941856 1.950000 -3.950000 3.250000 -1.650000 1.850000 4.850000 0.650000 -0.150000 1.350000 1.750000 -1.450000 -3.350000 -2.850000 4.350000 2.150000 -0.150000 -2.750000 -1.750000 1.450000 -0.950000 4.550000 -4.550000 3.850000 -3.150000 -3.250000 3.450000 4.450000 -4.550000 4.450000 4.550000 -4.050000 1.850000 -1.550000 0.550000 0.950000 -2.950000 1.350000 1.650000 -3.050000 1.650000
51 36.2060657074 18.5425941856 -2.550000 4.450000 2.750000 -1.550000 -4.550000 -2.450000 -3.650000 -3.850000 4.750000 3.750000 3.350000 -1.450000 -0.650000 -2.550000 -4.950000 2.550000 -2.650000 -4.850000 3.550000 2.350000 -2.050000 -1.450000 2.750000 -1.050000 -1.450000 -3.950000 -4.850000 -0.050000 -1.750000 4.050000 1.850000 0.350000 -0.950000 -4.550000 -1.550000 -3.150000 -3.250000 -4.050000 -2.950000 4.450000
52 20.8238302075 18.5425941856 -4.250000 -3.650000 -4.950000 -4.150000 -1.550000 1.050000 -1.950000 0.950000 -2.550000 -4.750000 -0.650000 4.850000 3.850000 -3.450000 0.050000 1.950000 -3.050000 -0.750000 0.050000 -2.050000 -3.550000 -2.350000 -3.350000 1.750000 4.150000 1.950000 4.050000 -1.250000 -2.650000 2.950000 -2.950000 -3.750000 -2.150000 3.150000 0.450000 -1.050000 -3.650000 0.250000 0.850000 -2.250000
53 51.5546602658 18.5425941856 2.750000 -1.950000 -0.050000 4.250000 0.750000 -1.750000 0.250000 -4.350000 0.850000 0.150000 -2.150000 -0.450000 -3.750000 0.850000 -4.450000 2.750000 4.050000 -1.450000 4.050000 4.250000 1.150000 1.050000 0.850000 -4.950000 -4.750000 -1.250000 -0.350000 -1.850000 -1.650000 0.650000 -2.350000 1.250000 3.450000 -2.550000 -2.150000 -3.450000 3.950000 2.450000 3.950000 -3.150000
54 21.6282278219 18.5425941856 1.850000 -0.050000 1.050000 0.550000 2.250000 0.950000 -3.950000 2.050000 -3.550000 2.950000 0.250000 2.450000 -1.250000 -4.050000 4.950000 -0.750000 -2.950000 -1.950000 0.150000 0.250000 2.250000 -0.650000 -1.050000 4.950000 -2.950000 -1.350000 -2.650000 -1.050000 -4.050000 -1.950000 -4.850000 -1.350000 0.350000 -1.850000 4.250000 4.150000 -4.350000 0.550000 -4.250000 -1.550000
55 68.9581920977 18.5425941856 2.150000 -3.050000 -3.950000 4.150000 -0.950000 1.150000 2.150000 1.550000 -2.150000 -2.550000 0.950000 4.150000 2.050000 -4.950000 -2.950000 3.150000 3.450000 0.750000 -4.550000 4.550000 2.750000 -4.250000 2.650000 0.650000 2.550000 -3.150000 -1.850000 2.550000 2.450000 -2.650000 4.950000 0.750000 1.150000 0.650000 -3.950000 3.650000 -0.150000 2.050000 -3.750000 3.550000
56 46.3425006779 18.5425941856 3.050000 1.150000 -2.350000 -0.450000 -0.350000 2.350000 -4.550000 2.650000 2.350000 -0.650000 3.450000 -3.850000 -4.750000 1.850000 1.050000 -3.450000 0.650000 -4.950000 3.750000 1.350000 -2.150000 -2.650000 0.050000 3.550000 1.750000 -2.050000 3.950000 4.250000 -1.950000 1.850000 2.950000 -3.850000 -4.350000 4.250000 -0.650000 -4.950000 2.950000 2.750000 -0.750000 4.250000
57 36.1195283352 18.5425941856 3.350000 -0.550000 -1.550000 -0.950000 4.450000 -1.650000 2.950000 1.750000 -4.550000 -2.150000 3.950000 3.550000 -1.450000 -3.250000 2.750000 4.250000 -4.350000 -3.650000 -4.150000 -0.350000 1.050000 -1.850000 3.050000 -2.650000 -3.050000 -3.250000 -3.350000 -4.350000 -4.650000 -4.150000 -3.550000 -2.050000 -2.450000 -4.250000 -2.350000 1.750000 -0.550000 -2.150000 -0.350000 -0.550000
58 141.9682963786 18.5425941856 -4.750000 -3.450000 2.850000 -0.250000 -2.650000 -4.950000 -0.850000 -2.650000 -4.350000 -1.650000 -3.750000 0.450000 -3.650000 4.650000 -2.250000 3.750000 0.350000 0.450000 -2.750000 -0.250000 4.750000 -0.450000 -1.550000 -3.450000 1.850000 -2.450000 2.750000 -2.650000 0.650000 1.350000 3.350000 4.350000 -0.850000 4.950000 4.350000 -3.950000 4.950000 -3.550000 2.150000 -4.350000
59 45.9165597530 18.5425941856 -4.350000 0.350000 -0.550000 -1.050000 4.350000 -2.150000 -4.450000 4.850000 4.450000 3.250000 -0.750000 -0.550000 -1.050000 -1.250000 -4.050000 4.350000 2.450000 -1.050000 1.150000 0.950000 4.150000 0.050000 1.250000 -0.150000 -4.650000 2.450000 -1.950000 3.650000 -4.150000 -2.150000 -2.750000 -4.650000 0.750000 -0.150000 -3.750000 1.950000 0.650000 -2.650000 -3.150000 0.350000
60 84.0747385141 18.5425941856 1.650000 -4.250000 -4.650000 1.750000 -0.250000 -3.650000 -4.650000 4.050000 1.550000 3.350000 -4.050000 -1.050000 -3.250000 4.250000 -3.850000 -2.850000 2.650000 -4.450000 3.150000 -1.750000 -3.850000 0.850000 -0.250000 1.950000 -4.850000 -2.750000 3.650000 -3.450000 -2.850000 4.850000 -4.950000 1.150000 -2.050000 3.050000 -4.350000 -4.550000 1.550000 -3.750000 4.550000 -2.750000
61 48.3122789109 18.5425941856 -4.450000 -1.650000 0.150000 1.350000 -4.450000 4.950000 4.850000 1.350000 0.250000 -3.650000 3.550000 -3.750000 4.950000 2.750000 2.350000 3.650000 -4.150000 -0.050000 -2.050000 0.750000 -0.050000 -1.350000 -4.450000 -3.250000 2.250000 -3.550000 -2.850000 0.550000 -4.750000 0.150000 -1.950000 -0.750000 -2.350000 -1.350000 1.750000 -0.850000 3.750000 0.050000 0.350000 -0.050000
62 18.2570330447 18.2570330447 -2.150000 4.150000 -0.250000 1.850000 -4.950000 0.150000 1.950000 -1.250000 3.050000 -3.350000 -3.050000 4.650000 1.350000 2.550000 3.750000 3.050000 0.250000 2.050000 -3.550000 3.650000 -3.050000 -0.550000 -0.550000 2.650000 3.350000 0.050000 -1.450000 1.450000 -0.350000 2.250000 0.150000 -2.350000 0.050000 3.650000 -3.850000 -0.650000 -1.350000 3.950000 -0.450000 2.750000
63 56.5969210400 18.2570330447 2.050000 -3.550000 2.650000 2.950000 -2.550000 -4.450000 3.950000 -2.550000 -1.450000 -4.350000 -1.750000 1.250000 -0.450000 4.450000 3.850000 -1.950000 -1.150000 -2.250000 -0.650000 0.350000 1.550000 1.450000 -2.650000 1.150000 2.850000 0.850000 -2.050000 0.050000 -0.050000 0.550000 -1.650000 -4.950000 2.050000 1.550000 -1.750000 3.550000 2.350000 -4.350000 -1.950000 0.650000
64 39.3999916995 18.2570330447 1.750000 -1.450000 3.150000 -3.550000 2.050000 0.850000 -3.150000 -2.450000 4.650000 -0.150000 2.950000 -2.450000 -4.150000 2.150000 -4.350000 -2.650000 0.950000 3.650000 1.050000 2.950000 -1.950000 -4.050000 -1.850000 -2.550000 4.250000 -1.950000 -0.550000 -2.250000 -3.850000 0.350000 0.050000 -3.950000 -1.250000 1.850000 -3.150000 1.850000 0.950000 -4.650000 -4.050000 -1.750000
65 31.5600841341 18.2570330447 -2.450000 3.650000 1.550000 0.250000 -0.850000 2.150000 3.250000 4.250000 -2.450000 -2.750000 -1.250000 2.250000 1.850000 0.150000 -1.950000 -0.350000 2.050000 1.050000 2.350000 -1.450000 3.150000 -0.750000 1.350000 0.150000 0.450000 4.950000 2.550000 -0.250000 -3.550000 -3.450000 -2.650000 -3.250000 0.250000 0.450000 4.850000 3.250000 4.150000 1.550000 1.850000 -3.450000
66 25.9026239496 18.2570330447 -1.950000 3.850000 0.950000 2.250000 -0.450000 1.350000 -1.250000 1.250000 -4.450000 2.650000 -4.250000 -0.650000 0.750000 1.450000 -1.250000 -1.150000 -0.050000 2.550000 -2.850000 -1.050000 4.350000 2.050000 -3.850000 1.250000 1.550000 -1.650000 3.150000 4.750000 1.250000 -2.950000 2.750000 -1.450000 0.150000 2.450000 2.450000 3.850000 -2.850000 0.450000 4.950000 4.850000
67 209.1948488289 18.2570330447 -2.050000 1.650000 -4.550000 -3.750000 -0.150000 1.250000 3.050000 0.150000 1.650000 2.850000 -4.850000 -2.950000 -4.450000 1.750000 4.550000 -4.650000 3.650000 3.850000 4.650000 -1.950000 4.650000 -3.650000 0.950000 1.050000 -1.650000 4.250000 3.850000 4.450000 4.250000 3.250000 0.550000 -4.750000 -4.150000 -1.550000 -1.350000 2.050000 1.450000 2.650000 -3.950000 -0.750000
68 298.6617862800 18.2570330447 0.250000 -2.950000 -3.250000 1.150000 3.350000 0.350000 -0.050000 -1.550000 -1.550000 4.350000 -3.650000 1.950000 -2.750000 -1.050000 -3.450000 -3.250000 -1.550000 2.250000 4.150000 4.950000 -4.750000 -0.950000 -2.450000 -2.750000 2.650000 -3.750000 -1.650000 4.050000 -1.050000 -1.350000 -3.350000 -3.050000 -4.750000 -3.650000 -1.650000 2.950000 -3.850000 -1.550000 1.650000 -0.450000
69 35.2092113798 18.2570330447 -1.550000 1.750000 -1.450000 4.050000 3.650000 0.650000 4.950000 0.650000 0.150000 1.050000 3.650000 4.750000 1.750000 0.950000 4.350000 3.850000 -0.150000 0.850000 -4.250000 2.550000 -3.250000 2.950000 4.850000 3.350000 -4.050000 1.650000 -0.050000 4.350000 -3.350000 1.250000 -1.050000 -3.450000 1.950000 3.450000 -4.850000 -0.550000 2.550000 3.450000 2.850000 0.550000
70 244.5709035708 18.2570330447 -0.450000 -4.450000 4.950000 1.450000 -1.950000 -2.650000 -0.650000 0.350000 -3.150000 -4.850000 1.150000 -3.950000 -3.050000 -4.450000 2.850000 -2.250000 -2.450000 -4.150000 2.050000 1.650000 -1.850000 -1.250000 -4.250000 2.850000 -4.550000 -0.050000 3.750000 4.850000 3.350000 1.450000 -0.650000 3.550000 2.450000 4.850000 3.350000 2.650000 4.350000 -1.450000 2.350000 2.250000
71 98.9456755837 18.2570330447 -1.350000 1.450000 -2.050000 -1.950000 -4.150000 -1.950000 -4.350000 2.950000 3.750000 -4.150000 -0.250000 -1.350000 -0.750000 -2.150000 1.850000 0.350000 3.950000 4.350000 -2.350000 3.350000 1.350000 3.050000 0.750000 0.250000 4.350000 -0.650000 0.250000 2.050000 3.550000 -3.350000 -0.150000 2.850000 -0.250000 1.150000 0.750000 -2.550000 -0.850000 -0.850000 0.550000 3.650000
72 43.8630598009 18.2570330447 -0.050000 2.850000 -3.850000 3.550000 -0.050000 -3.950000 -2.550000 -3.750000 0.350000 -3.950000 -4.650000 0.850000 -2.450000 0.650000 1.550000 -3.850000 -4.750000 -3.550000 2.550000 -1.250000 -3.950000 -1.650000 0.550000 1.850000 4.050000 -1.150000 -1.750000 -4.850000 -2.350000 -3.750000 2.050000 4.650000 3.050000 -2.050000 0.550000 1.050000 -1.950000 3.650000 -0.650000 -4.550000
73 44.3827049063 18.2570330447 0.750000 -1.550000 -4.050000 -4.550000 0.150000 -3.550000 -1.550000 1.650000 -0.150000 4.050000 0.050000 2.750000 1.050000 -1.150000 -2.650000 -3.150000 -0.550000 4.150000 -0.450000 -4.550000 3.950000 2.450000 -1.250000 -1.350000 0.550000 -0.750000 -3.150000 3.550000 1.850000 -2.450000 -1.750000 -1.650000 2.250000 -4.750000 -0.050000 -1.650000 -2.150000 -0.650000 -3.250000 -3.950000
74 181.8344513261 18.2570330447 3.850000 -4.950000 -2.650000 -4.250000 1.150000 0.750000 2.250000 2.450000 -2.250000 1.950000 0.550000 2.650000 2.450000 2.650000 -4.550000 -0.450000 -3.150000 -0.650000 2.850000 -1.650000 -4.650000 4.550000 3.950000 2.450000 2.150000 -4.550000 1.950000 2.250000 1.550000 3.150000 0.750000 0.550000 -3.550000 -1.250000 -4.750000 -4.850000 2.450000 -3.850000 0.150000 3.250000
75 59.6214061961 18.2570330447 -2.850000 0.650000 3.350000 1.050000 -2.050000 -1.250000 -4.750000 1.450000 0.750000 0.250000 1.350000 -2.650000 0.450000 -0.150000 1.750000 2.450000 1.350000 3.750000 4.550000 0.550000 -2.850000 4.050000 -2.750000 -2.950000 -2.150000 3.150000 -0.750000 1.350000 -3.950000 4.150000 -4.650000 0.050000 -0.650000 3.950000 3.550000 -4.650000 -0.750000 -0.350000 1.150000 -2.350000
76 27.7277626577 18.2570330447 3.150000 -2.450000 -3.750000 2.350000 -2.350000 2.950000 4.150000 -1.950000 1.750000 3.450000 4.350000 1.650000 -2.950000 4.150000 4.450000 2.650000 -4.450000 4.250000 3.250000 1.750000 4.250000 1.950000 4.250000 -1.250000 1.250000 -0.550000 2.150000 0.650000 -0.450000 -3.850000 -2.550000 4.850000 2.550000 0.850000 4.650000 -2.850000 -2.350000 -0.250000 4.850000 1.350000
77 64.3082169553 18.2570330447 -3.850000 -1.850000 2.550000 3.450000 1.250000 -3.150000 -4.150000 3.950000 2.250000 -0.050000 4.950000 -3.250000 3.050000 1.150000 -1.150000 -4.950000 4.750000 -0.450000 0.950000 -3.250000 0.350000 -2.450000 -2.150000 3.850000 4.850000 -2.250000 0.950000 -3.850000 3.850000 -1.250000 1.150000 -2.650000 2.950000 -4.150000 3.850000 0.250000 3.650000 1.050000 -1.850000 4.050000
78 51.2060086581 18.2570330447 -1.050000 4.950000 4.850000 2.050000 1.750000 4.050000 1.650000 -2.950000 -4.650000 -4.250000 -1.850000 4.450000 -0.550000 -1.950000 3.650000 0.950000 -0.250000 -1.850000 2.650000 1.150000 -0.150000 4.450000 4.550000 -4.150000 4.450000 -2.850000 3.350000 2.150000 2.950000 -2.050000 -3.450000 -4.150000 2.750000 -2.750000 3.450000 0.550000 -1.150000 -1.250000 -1.750000 -1.850000
79 51.0677684230 18.2570330447 2.250000 -4.350000 1.250000 0.750000 2.850000 4.350000 -0.450000 -0.750000 1.150000 -3.750000 -2.850000 3.350000 -1.750000 -3.050000 1.350000 -1.650000 1.550000 3.450000 -2.950000 4.150000 2.350000 3.750000 -0.850000 -1.150000 -3.150000 -4.850000 0.850000 -1.350000 0.250000 4.950000 -1.350000 3.350000 3.150000 -1.750000 3.250000 0.350000 -0.650000 -2.950000 1.450000 3.850000
80 100.7800218084 18.2570330447 4.550000 2.050000 -3.350000 -4.750000 4.850000 3.350000 -0.350000 2.550000 0.650000 -3.150000 2.250000 0.250000 4.050000 -4.250000 -0.050000 4.750000 3.750000 -3.850000 -4.750000 2.050000 -1.150000 2.150000 -4.050000 1.650000 -3.450000 1.750000 2.450000 4.550000 4.550000 -1.850000 -4.150000 4.450000 -0.350000 2.750000 -4.150000 -1.450000 -2.250000 4.450000 -2.550000 3.450000
81 26.4971584804 18.2570330447 -0.350000 -0.650000 1.450000 -3.850000 -3.550000 4.250000 -1.650000 -0.050000 -3.450000 -4.550000 -0.450000 0.050000 -1.150000 3.950000 4.250000 0.550000 -2.850000 -4.350000 3.950000 2.750000 -0.250000 -4.350000 4.150000 4.450000 -3.850000 -2.950000 1.450000 4.950000 -1.850000 -1.450000 1.350000 0.250000 1.050000 4.750000 4.950000 -1.250000 -2.550000 -4.250000 1.750000 -0.950000
82 58.2139583560 18.2570330447 -3.650000 4.850000 2.950000 -3.650000 -4.250000 -1.550000 0.350000 -1.050000 2.450000 1.450000 -3.450000 -3.150000 3.950000 3.150000 2.450000 -2.950000 0.850000 1.950000 -1.450000 -4.450000 -4.250000 -4.950000 -0.650000 -0.950000 3.750000 -3.350000 -0.650000 -0.650000 4.650000 -0.350000 -1.250000 1.350000 2.150000 4.650000 2.650000 -2.250000 0.150000 -3.650000 4.050000 -2.150000
83 44.5644529477 18.2570330447 -0.550000 -4.550000 2.250000 -2.350000 -1.850000 4.550000 -2.350000 -2.350000 3.150000 -0.550000 0.150000 1.050000 -1.950000 3.750000 1.650000 -4.750000 2.750000 2.350000 -1.150000 -0.150000 -0.550000 -3.750000 -2.850000 -0.650000 3.150000 -1.750000 -2.750000 2.350000 2.350000 4.450000 4.150000 2.150000 3.550000 -3.550000 -3.350000 -1.950000 -0.950000 -0.050000 4.750000 4.750000
84 34.6075894122 18.2570330447 2.450000 4.250000 2.050000 -4.850000 -2.150000 2.650000 -3.050000 2.350000 2.750000 -3.450000 -3.250000 -0.350000 4.850000 2.850000 -3.050000 -3.350000 3.050000 -4.650000 -3.050000 -3.350000 -2.350000 -3.350000 -1.950000 0.350000 0.050000 -2.150000 -0.150000 -2.450000 4.150000 -4.750000 3.250000 -3.550000 -2.950000 -1.950000 0.250000 -3.650000 -4.250000 -2.550000 3.450000 4.950000
85 334.2615993389 18.2570330447 4.050000 -4.850000 -2.450000 3.850000 1.050000 1.950000 3.150000 -3.450000 -0.350000 4.650000 -2.950000 0.350000 2.750000 4.750000 1.450000 0.050000 1.850000 -2.750000 -0.350000 -1.150000 1.250000 1.150000 2.850000 -4.650000 2.950000 1.250000 1.550000 -4.750000 -0.250000 -1.750000 3.950000 -3.150000 -2.850000 2.050000 -3.550000 -2.650000 1.050000 4.050000 2.650000 -3.650000
86 43.1589650881 18.2570330447 2.550000 2.150000 -3.650000 -2.450000 4.750000 3.950000 -3.550000 3.650000 -1.750000 0.450000 2.350000 1.550000 4.250000 -1.650000 -1.650000 4.650000 1.050000 1.150000 -3.750000 -4.050000 3.250000 -4.850000 -2.250000 -0.050000 -4.950000 -0.850000 -1.250000 2.650000 0.750000 -2.750000 4.450000 -2.850000 1.350000 0.950000 4.450000 3.750000 2.850000 0.350000 -4.650000 1.550000
87 29.0805163297 18.2570330447 -0.250000 3.550000 0.450000 -2.150000 -3.050000 0.550000 2.050000 1.850000 4.050000 -1.750000 0.450000 -4.750000 -4.650000 2.050000 2.650000 0.650000 -0.450000 -4.750000 -1.550000 -2.450000 -0.950000 3.250000 2.550000 -4.450000 -2.350000 1.350000 0.750000 0.850000 -2.150000 -4.050000 4.850000 -1.750000 2.850000 2.350000 2.350000 -2.050000 0.550000 3.550000 2.750000 -3.850000
88 47.0569070519 18.2570330447 3.650000 -1.250000 4.150000 0.950000 0.250000 -3.250000 -1.450000 -4.650000 -3.350000 -2.450000 1.250000 -1.150000 4.450000 0.050000 0.550000 -1.250000 -3.750000 -2.550000 3.350000 1.050000 1.450000 -3.550000 -1.650000 -3.850000 2.350000 2.950000 -4.950000 0.250000 -4.950000 -0.250000 4.550000 1.050000 1.550000 3.750000 -0.550000 4.450000 -1.250000 3.150000 -3.850000 2.050000
89 59.3412420692 18.2570330447 -0.850000 1.250000 -0.750000 3.650000 2.150000 3.550000 4.650000 3.150000 -0.750000 4.750000 3.850000 4.050000 -2.150000 3.850000 4.050000 -1.350000 -1.250000 3.250000 2.950000 1.250000 -4.950000 4.650000 -4.650000 -4.550000 -3.350000 3.050000 -1.550000 4.150000 4.050000 3.750000 -1.850000 -1.950000 4.450000 -0.750000 1.550000 4.550000 -1.750000 4.650000 -4.850000 1.950000
90 184.6760652232 18.2570330447 -3.950000 -4.150000 2.350000 -2.850000 -4.750000 -0.350000 4.250000 4.550000 4.250000 4.950000 -1.350000 1.350000 4.650000 0.450000 -2.850000 -4.250000 4.550000 -2.650000 4.250000 -4.850000 -4.150000 3.350000 4.950000 -2.350000 1.050000 1.550000 1.650000 3.250000 3.250000 2.150000 -1.550000 4.150000 -2.250000 -0.350000 0.850000 2.550000 4.750000 0.850000 -1.650000 -4.150000
91 52.7191718969 18.2570330447 -3.050000 1.950000 -3.550000 3.150000 2.750000 -0.250000 3.350000 4.950000 0.950000 -1.550000 -1.550000 3.050000 4.350000 -1.850000 -3.650000 -3.950000 2.150000 -3.750000 -0.950000 -2.550000 1.650000 -2.850000 -3.050000 4.250000 3.650000 -2.350000 0.550000 3.850000 -1.350000 -2.350000 -0.850000 1.550000 3.250000 4.550000 2.150000 -0.450000 -3.050000 0.950000 -2.350000 4.650000
92 83.1723354334 18.2570330447 -4.950000 2.750000 2.450000 -4.450000 2.950000 -3.450000 1.450000 0.450000 -3.250000 -3.850000 2.550000 -4.850000 -2.550000 1.950000 0.450000 -2.750000 4.650000 1.450000 1.850000 -0.650000 0.650000 -0.350000 -0.950000 1.550000 4.750000 -4.650000 -2.950000 0.950000 -1.550000 0.950000 3.650000 -0.050000 -3.750000 -1.050000 3.950000 1.550000 -1.450000 -2.350000 -1.350000 -4.450000
93 34.6576861699 18.2570330447 4.150000 -1.150000 3.650000 -2.250000 1.450000 1.850000 4.550000 4.350000 -3.750000 -1.450000 -1.150000 1.150000 -2.350000 3.250000 -3.950000 -4.450000 -4.650000 2.750000 4.350000 3.450000 -4.550000 -3.050000 -2.950000 -0.750000 -2.450000 -3.650000 4.650000 -2.850000 4.350000 -0.150000 4.750000 2.750000 4.950000 3.250000 -3.450000 3.350000 -3.150000 1.150000 0.950000 -1.050000
94 119.0744370760 18.2570330447 -2.650000 -4.750000 -3.050000 1.250000 2.550000 1.450000 -4.050000 -4.950000 3.650000 0.650000 -0.350000 -1.850000 2.950000 -3.850000 -4.750000 -4.850000 -4.950000 4.050000 -4.350000 3.850000 2.850000 1.350000 -3.950000 2.150000 1.650000 4.350000 -2.550000 2.850000 -1.450000 -3.150000 -3.650000 1.950000 3.850000 0.150000 -3.250000 0.650000 2.050000 3.750000 3.250000 -4.850000
95 102.4025466975 18.2570330447 -4.850000 -3.250000 4.550000 1.650000 0.850000 3.050000 3.750000 -1.450000 -2.850000 0.350000 2.150000 -3.450000 0.250000 -4.150000 -0.950000 -0.950000 -3.250000 2.950000 3.050000 1.450000 0.250000 3.150000 2.450000 2.350000 3.950000 -3.050000 2.050000 2.450000 -1.250000 3.450000 -4.750000 -1.850000 -4.850000 -2.350000 1.250000 2.250000 0.450000 -0.550000 -0.550000 -4.750000
96 36.5774118667 18.2570330447 2.950000 3.250000 -1.050000 -3.950000 -4.650000 0.450000 -1.850000 -3.350000 -0.550000 0.950000 -2.750000 -0.850000 1.250000 -0.450000 -1.350000 1.350000 2.950000 -1.250000 -3.450000 0.150000 3.450000 0.350000 4.750000 -0.850000 -2.250000 -4.350000 -1.350000 1.950000 3.650000 3.050000 -1.150000 3.850000 -2.750000 -3.250000 -2.550000 3.150000 -2.050000 2.950000 2.050000 2.650000
97 42.5358703135 18.2570330447 -4.150000 -4.050000 0.650000 2.850000 -2.450000 3.450000 -2.050000 3.250000 -2.950000 4.850000 -4.550000 -0.150000 -4.350000 -1.550000 -2.150000 0.150000 -2.350000 2.150000 -2.450000 3.750000 -4.450000 0.150000 -3.650000 2.250000 -1.550000 0.750000 0.450000 -1.450000 -0.750000 -2.250000 -0.050000 3.650000 -2.650000 -3.850000 -0.950000 1.250000 2.250000 -2.850000 -2.150000 -1.950000
98 42.3769396377 18.2570330447 4.350000 2.350000 2.150000 2.550000 1.650000 0.250000 -2.650000 -4.750000 -2.750000 0.050000 2.850000 -4.150000 -2.650000 1.050000 0.150000 -3.550000 3.550000 -3.350000 -0.150000 0.650000 2.050000 -3.150000 0.150000 -2.150000 -0.950000 -4.250000 3.450000 0.450000 -2.950000 3.650000 3.450000 -0.850000 -3.650000 -2.850000 4.050000 0.950000 -1.550000 -2.750000 -2.650000 -1.250000
99 95.1389332358 18.2570330447 -3.350000 1.350000 -0.150000 -2.050000 4.050000 -4.750000 0.550000 -3.150000 4.350000 -3.550000 -4.150000 -4.650000 0.050000 -0.250000 -3.350000 4.150000 3.350000 3.350000 0.750000 -2.950000 -2.750000 2.650000 -2.350000 -3.950000 2.050000 3.950000 1.050000 0.350000 1.150000 -3.250000 1.650000 -2.750000 4.750000 -3.350000 -1.250000 -4.450000 1.250000 -3.250000 -3.650000 -4.050000
100 57.2053789357 18.2570330447 0.950000 0.150000 1.150000 -3.250000 4.250000 -4.250000 3.850000 3.850000 -3.050000 3.650000 1.750000 4.250000 -3.850000 0.550000 -2.550000 -2.550000 -4.550000 -3.250000 2.150000 -3.550000 2.550000 1.750000 4.350000 -1.750000 0.150000 3.650000 1.150000 1.550000 1.950000 3.550000 3.550000 -0.950000 1.650000 4.450000 1.450000 -1.150000 3.150000 3.350000 -2.250000 2.150000
101 161.5599101818 18.2570330447 -1.222044 -4.666883 3.152016 -0.663973 -2.252958 -1.171473 -3.015564 0.625054 -0.892652 3.376696 -0.903288 3.361864 4.735210 4.870642 -1.287162 -2.535914 -0.577106 -3.001677 -2.178826 -3.058261 -1.422032 2.393678 -4.296985 -2.099324 4.313027 4.508298 3.444264 -2.666011 3.341864 2.286762 -1.472085 -2.315643 -1.938934 2.139311 -3.927481 -3.234091 -0.088386 1.789775 3.156383 1.941884
102 224.9994022703 18.2570330447 -0.058132 -4.657068 -0.382100 -0.871029 1.271988 1.839653 2.941280 -0.380351 -0.813527 -1.730192 -4.361749 3.419901 -2.940918 1.272177 -4.409100 1.024898 4.100510 -1.132333 -4.118212 4.985390 1.667143 -1.958714 0.194055 -1.182488 1.202181 -2.536063 -2.803113 3.842985 2.082177 -4.406193 -1.103052 -0.082557 -2.571137 3.541085 4.479991 1.587335 -1.480106 -1.417880 2.149352 3.338890
103 48.7327912195 18.2570330447 -0.160119 -4.857925 -4.769354 0.453573 -2.643049 -1.418619 -4.364652 2.559494 -0.672191 -0.449378 2.260345 4.382454 1.965315 1.727896 -3.775260 -2.259733 -3.495860 2.826184 1.570764 2.887907 -0.207604 1.973720 0.338123 -3.898929 2.455477 2.223011 -0.642660 2.650504 -4.740038 -4.905179 -2.260768 1.163116 1.363323 1.066676 2.818378 0.161335 3.043988 1.553307 3.560355 3.935672
104 74.2232748223 18.2570330447 -1.858703 -3.366873 1.107949 -3.086183 -0.338130 0.213746 0.805671 -0.053246 -0.298338 -0.327032 2.932404 4.939860 1.244563 1.350278 -3.676005 -1.671480 -4.710914 -0.228873 2.634300 -0.674803 0.515384 -1.622708 3.074426 -0.287774 -2.308227 4.741833 2.603411 4.254513 4.450628 -0.802185 3.054209 -3.160363 -3.267530 4.403916 -3.809632 -4.925556 -3.845400 4.839814 2.381180 -2.770605
105 51.3526126311 18.2570330447 -3.605639 -2.291936 4.438658 -0.505595 -4.841522 -2.791420 3.626107 -4.358451 -2.862440 -3.302813 -4.546197 -1.450423 -1.468957 0.705153 -1.462942 -1.486422 -3.318533 -2.993968 -0.647106 2.871255 -0.728954 4.179964 1.821449 -4.820074 -3.243700 0.248907 -4.936149 -0.911908 3.708139 -3.908405 4.648817 -1.860793 -4.969057 4.416598 -1.787538 -3.878076 1.227314 1.535186 2.274547 -4.882194
106 43.4557030072 18.2570330447 -2.467477 -4.988753 -1.855936 -3.069588 3.274155 -2.531415 1.262328 -4.541741 0.921782 -4.920709 3.152914 -2.670400 -1.441734 -0.886849 1.389392 0.156662 -1.996539 1.347789 2.543737 2.711984 -1.533739 -1.140351 -0.361509 -2.600205 2.949376 0.252860 1.849295 -4.587024 1.867553 -1.214707 -3.056957 1.410025 0.900167 3.036183 -0.790072 2.981144 -2.044679 2.011901 3.880198 1.212953
107 48.3915332362 18.2570330447 4.294824 -4.279051 -4.310516 -3.020208 4.697595 -0.402853 -2.000811 -1.207373 -3.600818 -4.440568 -2.930844 1.902985 3.001689 -2.943067 3.506937 1.413359 2.471069 3.501842 4.203017 -2.983629 -3.015708 3.850022 -3.860232 -1.064040 -2.960726 -4.272265 1.989563 -1.995396 3.220562 2.828870 -4.735812 -2.024461 -2.504076 -3.598395 0.242955 -1.599644 -1.706599 -4.156660 1.876673 -0.184729
108 57.2488881429 18.2570330447 -0.946705 -4.885832 -0.874498 3.496095 -0.915463 1.015935 0.650180 2.292025 -3.899795 2.794851 -4.603537 3.813450 1.018689 1.559012 4.471615 3.859434 -0.822412 0.265528 0.887202 -1.019869 1.746636 2.109551 -4.405255 -4.910867 -3.753679 -4.226413 -3.715703 -1.079107 2.262147 0.784467 0.962502 3.002415 -3.664609 4.370686 0.077397 4.873282 -2.107774 -0.816110 -3.685886 3.838813
109 52.4561705494 18.2570330447 4.590670 -4.998819 -3.078286 -0.664667 -2.868844 2.034998 -3.831171 2.740885 -3.134794 -2.223164 -4.092623 3.632507 -4.443501 -3.856917 -3.154746 0.849480 0.874147 -2.483433 4.536614 -2.176565 -0.393199 1.157698 0.158970 0.924159 0.293685 -4.011698 2.419425 3.002985 3.812233 4.024186 -1.400387 3.967133 3.001352 -1.594294 2.290272 -4.436159 0.135894 -2.281325 0.094102 -3.095642
110 217.4812597188 18.2570330447 -4.027625 -3.330788 -3.469848 -1.995456 3.270075 -1.425644 0.503507 4.160995 -4.856579 -4.031522 -1.213709 -1.771899 4.830656 -0.782760 -0.852649 -3.062674 -4.447952 1.016641 -2.482016 2.913907 0.938182 3.054766 0.069295 -3.593748 -0.186977 4.322278 4.296042 4.411299 -1.837313 -3.549329 -3.282779 0.436388 -0.909666 4.259654 -2.128982 -3.126502 1.548816 2.137959 3.271115 2.455577
111 40.7508573471 18.2570330447 0.233056 -4.603361 0.788153 -4.187835 -3.038396 -2.064121 -1.806587 -4.428998 -2.345926 -1.888444 3.600104 2.504111 -4.521304 -3.681508 -3.102550 -0.439410 -4.011932 2.655289 0.561980 -0.964211 -4.236196 0.608701 -3.409277 -2.616243 -3.442059 1.038893 1.976915 4.600047 1.539481 2.984726 -0.451597 3.496121 -2.595807 4.818663 0.900454 -4.291253 4.186455 0.541620 4.802133 4.062543
112 343.1510173011 18.2570330447 -2.983418 -0.741827 2.113776 4.749098 1.445585 1.703633 -3.423975 1.697351 3.340342 0.791576 -0.759364 -0.622908 2.740226 -3.221531 1.827619 -4.027742 2.257258 -0.556458 0.191050 4.695147 2.025050 -4.363354 -4.161409 -4.653426 3.870018 -3.247040 4.066331 4.817922 1.288347 1.866426 -2.735276 -0.375376 -4.153667 0.665428 0.131564 -3.654898 2.389984 -1.869752 4.221524 -4.370088
113 52.6061858373 18.2570330447 -1.653285 -3.926700 -3.687399 -3.287510 3.383663 4.131364 -3.838546 0.973087 1.134881 4.071211 -3.083585 4.549310 4.841922 -4.425317 -0.050428 1.841421 4.713874 -0.909954 1.636580 2.287568 -4.825796 -0.973243 1.757404 3.870773 -2.331305 2.533975 3.970401 4.961921 -1.196598 -0.355321 2.788218 4.895494 -4.100507 -0.168825 4.611728 -4.252183 4.479649 -1.819269 -1.614043 1.188487
114 53.9181716859 18.2570330447 1.981849 -4.008643 4.700471 4.350218 2.290407 -1.991865 2.319415 0.040164 3.630341 2.773787 -2.684206 4.919952 -3.915497 -1.593807 -3.069169 -3.804848 -0.946594 3.235379 -1.110326 -0.264708 0.143194 -2.121841 -0.597108 -4.639496 3.932637 -2.839078 4.743515 3.393254 -0.496670 1.471193 -0.863415 1.872994 -3.774646 -4.385829 3.400340 -4.143519 -1.763325 -3.002316 0.929591 -1.873644
115 61.7250541940 18.2570330447 1.138684 -4.607841 -0.781610 4.027017 0.699926 4.021035 0.297980 2.036807 3.818973 -1.657112 -3.551819 -3.130481 -0.656154 1.605280 0.480868 -3.711490 -0.187128 4.869473 -4.488062 -3.633300 -1.666279 -4.000112 -2.892987 -0.782229 2.072944 3.783321 3.328256 4.595338 1.695733 -0.180409 4.111400 -4.357930 -0.544516 -1.855925 -4.460414 0.157540 -4.901689 -0.273129 1.952006 -4.786963
116 444.7178709861 18.2570330447 -3.141054 -3.402963 -0.972218 -1.884681 0.170464 -3.028724 4.951348 4.200253 -3.968650 -0.393103 0.202001 -1.428223 -3.018915 -2.851882 -0.570540 -3.020244 3.954827 4.627718 -3.926130 0.824212 4.723051 0.313960 -0.093058 -1.635657 4.579840 1.580131 0.778817 1.018584 3.538016 -4.560496 -4.707294 1.355854 -4.883710 4.652322 -4.999988 3.705891 4.861095 3.117678 4.108853 0.260968
117 94.3743406879 18.2570330447 -1.589063 -3.362834 1.069529 -3.274007 -0.077236 -4.413918 -3.112519 -1.641862 -1.209338 -0.133556 -4.092907 0.438959 -2.592073 4.247257 1.521702 0.624901 -3.421217 0.641984 4.791322 1.070952 -2.764134 -2.856351 0.917031 -3.561084 4.474274 -2.051649 2.098001 -2.887748 2.808116 1.806630 -3.432838 3.503886 -4.351450 -1.827939 0.544564 0.882668 4.147067 -1.858904 4.092713 -4.859475
118 71.6303544049 18.2570330447 3.801644 -4.519128 -1.154188 3.941631 -0.143978 -0.471245 1.666063 -2.716651 -4.433886 3.317361 -1.729875 3.345598 4.460543 -3.043070 4.540272 -4.554257 -2.090117 -4.839913 -1.869304 1.841944 -3.719763 2.010427 2.221089 -1.285116 3.786972 -1.438857 4.366583 3.675643 -0.589038 1.471544 -0.818016 2.878518 -3.306905 3.172144 4.450481 2.591665 -2.526222 -2.458559 -3.748441 -1.116950
119 180.2364280547 18.2570330447 4.671132 -4.044702 1.919339 -4.235234 4.075018 4.186427 3.113594 1.024206 4.868490 -0.792901 -2.131144 1.767215 -0.064944 3.039903 3.477903 2.079437 0.673095 3.248254 3.740369 2.450952 2.248605 1.833079 0.067486 0.715992 0.210006 1.635162 -0.614397 4.390696 4.802137 4.706563 0.614763 3.650100 -3.065254 2.502329 -3.712421 -2.603228 -1.117368 1.415082 0.940448 1.363941
120 42.2884382620 18.2570330447 -4.338981 -3.942529 0.283510 -0.681353 2.211141 -2.198390 1.534642 -1.015472 -0.334589 -1.218689 3.777461 3.787325 3.688983 4.592568 4.671899 4.115929 -2.027928 4.485511 2.556162 4.116709 4.462775 -0.164265 -2.686841 -0.713059 4.531938 4.686315 2.481675 4.008604 -2.600966 -3.101433 -2.944794 3.266643 -3.356022 1.542018 -1.454993 -3.008867 -3.029961 -4.691753 3.777277 -2.631911
121 81.9607031540 18.2570330447 -4.712218 -0.827088 -3.689889 4.065167 -1.964635 -3.438619 -3.069984 1.635666 -3.309210 2.449508 1.861155 2.452857 0.425869 -3.991943 2.960779 -4.367413 -3.965639 2.918622 0.733113 1.502955 -0.488427 1.710932 0.947640 2.516589 -0.063245 -3.722700 1.875188 1.608620 4.927260 1.075673 -0.168201 -0.701774 -4.243308 -2.480804 -3.087332 -0.524955 3.709617 -3.773476 1.298435 -4.068999
122 66.6873905023 18.2570330447 -4.900045 -4.099723 -3.062848 -0.078055 0.333334 3.981526 -1.223738 0.000531 0.220917 0.455958 -4.929824 -2.437704 4.899689 1.679350 -4.331410 -0.417581 -3.715250 2.316630 -1.236023 0.152832 3.572407 -2.011212 -2.524023 2.744103 0.643705 4.948018 -2.242089 2.280271 1.473410 -4.766436 2.427100 -3.651317 -2.238465 -0.736257 -2.680314 2.368443 -2.744347 1.886761 1.778100 1.862103
123 255.8139839547 18.2570330447 3.492650 -4.370035 0.648653 1.776643 -2.801392 -4.054206 -4.141272 -4.687925 3.803762 3.016360 -3.662145 -4.509115 1.177511 1.465685 1.900289 -2.486552 4.856335 -4.085346 4.729490 -2.335729 -0.431704 -1.657574 -2.564401 -1.259681 -3.620174 -3.314452 2.369917 -4.955974 4.878729 4.467026 -3.663841 -3.550774 -4.994844 2.317560 -3.219717 -4.137977 -2.000757 -0.302192 -4.515439 -0.280441
124 210.1053941533 18.2570330447 -2.670131 -4.979531 4.800590 2.884837 3.568582 -3.660111 4.496766 4.128186 -2.967598 3.939983 -2.717746 -0.382764 0.989287 4.030679 -1.120435 -0.252378 0.261234 2.609623 -1.583589 2.796372 -4.629628 -4.457570 -0.900819 -3.816970 3.154921 3.341423 -2.228885 3.195255 3.957255 -4.744480 0.361489 3.392702 -0.707365 -3.720856 -1.653490 1.029009 -0.991958 0.404387 4.895094 -1.394146
125 101.6170644174 18.2570330447 -2.579083 -4.078228 -2.512568 4.249960 0.469532 0.387641 2.068345 3.723010 4.580841 -2.199328 1.309981 1.566873 2.771819 -4.005477 2.424973 -0.635477 0.843046 -0.734676 -0.009133 -0.848511 2.320904 4.692170 1.533694 2.419078 3.661747 -2.093130 2.073313 4.708082 0.804528 -1.708522 -1.082357 -0.274877 -2.592895 -1.789003 -2.457102 -3.296050 -1.340157 0.805897 1.207486 2.961530
126 121.2150509677 18.2570330447 3.551941 -3.428483 0.334233 1.115636 -3.431026 -1.010129 -0.912649 -1.118356 -0.151729 -3.234206 -2.602120 0.637325 -1.171048 4.277048 -3.303095 1.181683 -3.283863 -2.886935 2.748445 1.963814 2.479486 0.288674 -1.239775 -1.739529 -2.023970 0.751259 -4.575824 4.881430 4.561256 -3.650968 3.811431 -4.246680 -4.662863 -4.293592 -3.612905 4.655466 3.618647 2.562181 4.790637 3.330801
127 286.3310491768 18.2570330447 -2.153908 -1.286748 -4.039982 -1.290769 4.936875 -4.266264 4.274166 -3.052964 -2.306591 2.207739 -1.547244 -1.007559 -2.672502 -3.104015 0.496728 -1.859818 -0.459332 -4.510384 -2.901631 -4.656791 -1.946086 -0.756030 3.087102 -3.523035 1.996380 -4.539575 -2.258398 -0.308170 3.641542 -4.736400 -1.538333 -0.877929 -4.956103 2.535157 -0.555498 -2.319298 1.051657 -2.826819 -2.768046 -0.569527
128 82.6938332418 18.2570330447 2.809726 1.189110 -1.033876 -3.056405 1.221444 -2.635510 4.193908 -3.700282 2.465255 -0.371701 -0.386022 -3.141313 4.465766 -1.855166 -1.918134 4.798057 -3.161854 4.476784 1.606680 2.044200 -3.697987 0.023227 0.342184 -3.389479 0.804208 2.379134 0.183053 3.262065 -0.764892 0.941367 -3.315092 0.613413 -4.797415 -2.829811 -1.446765 -4.677157 1.793968 3.030639 3.163113 -2.009845
129 144.3598864425 18.2570330447 4.688548 -2.327933 0.869484 4.174020 4.694270 3.079305 2.774145 2.656912 2.780795 0.497336 -0.257721 -0.234235 -1.183227 -4.005435 4.511238 3.632448 -0.051307 -1.093169 4.064604 -1.800542 -4.940879 -4.985376 2.428123 -4.172975 0.261923 -1.266286 3.710031 -2.256289 4.250741 4.346290 -3.416605 4.706245 -4.964160 -0.030744 -1.179950 -2.331312 0.794715 -1.293131 3.833090 -3.286129
130 129.6180924578 18.2570330447 -4.423088 -4.791105 0.855591 -1.974314 2.146268 0.766855 -3.485364 -0.212850 -0.215566 1.207715 2.491718 4.893429 1.231114 4.178721 4.609533 3.979684 2.578446 4.201820 0.932561 -3.712948 4.685950 -1.794206 3.172990 -0.348437 4.394088 1.610305 -2.554623 -1.217034 3.391270 -4.516869 0.967734 -0.458952 -4.633033 -1.015055 -1.379504 -4.207537 4.590147 0.315994 1.332751 -2.030197
131 142.6606612063 18.2570330447 -2.921572 2.560991 -0.842707 2.217936 4.105407 4.006436 -3.616396 -2.520852 -3.534283 -1.494981 -2.157192 -0.086879 0.449562 -3.811560 4.764783 -4.482438 -1.291790 -3.255065 4.490325 -3.818765 4.712127 -3.746048 -3.412453 -3.810410 2.220891 -4.600168 -1.189971 1.344640 -0.598659 -4.770144 -1.265361 -4.115617 -4.967829 0.556495 -0.374280 -0.845399 3.728466 -3.756816 -3.047116 1.926028
132 92.7090780326 18.2570330447 -3.602487 -2.724348 -2.918270 -0.847100 3.934512 0.468545 4.263221 -3.032651 3.772830 -1.522589 -1.371572 -4.589743 3.633550 2.806172 0.696793 -2.708091 -4.228770 -3.881781 -4.163415 0.260783 -3.868715 2.492176 -4.129236 0.879380 2.084437 -1.792114 1.293603 -0.815850 2.005416 -2.673015 2.009688 3.403239 -4.440434 1.943966 1.005223 3.640536 -2.424210 -0.783518 -4.492970 -4.080413
133 116.8900620712 18.2570330447 -2.708111 -1.387329 1.945162 3.963932 -1.812736 3.586881 2.435723 -1.724567 -2.373289 0.423321 0.449584 0.722978 0.174983 2.541097 -3.611627 -3.745974 3.541793 -2.086977 -2.682844 0.083368 2.983362 -3.674210 -3.429062 -3.940305 3.970923 4.542449 0.152871 -1.244371 3.536373 1.611189 -3.351788 -3.507195 -4.977751 -1.721346 -1.271306 -3.278808 4.278480 -4.692703 1.655939 1.376127
134 104.5548453906 18.2570330447 -0.895162 -4.040698 4.261635 3.327504 -3.380720 -1.953120 -1.425913 1.193825 2.934140 -2.985091 1.181206 1.713157 3.871842 2.638850 0.159050 -1.097569 0.785064 -1.778292 2.059823 -1.773636 3.493466 1.424443 -0.397302 -1.564600 2.430972 4.950532 3.366145 -4.374231 4.851909 2.739404 -2.069906 0.944703 -3.015763 -2.756789 -0.521176 4.674624 -0.252714 4.134173 3.410617 -1.244678
135 63.9755465788 18.2570330447 4.320993 -4.942484 3.523001 2.090244 -0.628797 3.672176 -3.049159 2.959324 -3.757850 2.238688 0.150447 -4.271426 -3.794056 -3.149036 -3.322736 -3.778659 -1.586590 0.650811 -0.057407 -2.793438 -1.476962 3.178878 -3.079324 3.624932 3.160188 -3.075070 3.527171 0.280670 -4.418549 -1.628113 -2.324308 -1.981357 -4.267596 3.474585 -1.580570 -4.498679 4.956447 -0.377250 -2.072216 2.294068
136 63.5632876529 18.2570330447 2.564700 -4.430618 -1.180437 -1.287942 -1.373391 -4.598836 -4.199701 -0.856008 -0.430960 2.918061 -2.258406 -3.046307 -1.668893 -0.350887 -4.674134 -3.904408 3.621319 4.886887 -2.824353 4.549452 -1.911122 -0.394044 3.722775 2.910839 4.187661 2.475117 2.302465 1.436956 1.664817 4.837423 4.993470 -1.566056 -1.467345 1.340532 2.765258 3.533584 2.224840 3.836542 -0.085576 2.952668
137 92.8244658408 18.2570330447 -3.848425 0.170695 0.464644 2.240222 -2.676436 -3.795283 3.117852 -2.588354 4.803914 3.511274 2.532299 -3.744683 -4.692672 -0.317682 -0.608974 -3.196308 4.511592 -3.344787 -0.088316 4.512165 3.431127 2.705994 1.325069 4.240485 -2.387974 -1.676949 3.409557 2.858594 0.992349 0.414228 -3.312583 -3.370418 -4.255735 -0.677747 -3.901110 1.532891 4.654593 1.439382 2.484729 2.508591
138 128.3502057016 18.2570330447 4.945175 -4.984065 0.065605 -1.483552 4.537930 1.796533 4.819181 4.469853 4.435391 -4.502442 3.742526 -1.694607 4.476119 -3.228731 2.930905 -3.279811 -4.204959 4.225109 -4.216098 4.198463 -3.335142 2.741679 -1.230130 1.640128 -4.877360 -4.413564 -3.894200 2.926406 0.317750 -3.927448 -0.555305 -4.569473 -0.318219 4.485927 -0.620326 4.637249 2.024454 -3.080063 1.127639 -2.362413
139 218.2117167419 18.2570330447 -4.646297 -3.011084 0.042634 1.802197 -3.054007 -0.638522 3.895331 2.948218 -3.659903 -4.878355 4.974192 -0.257240 4.598434 -4.505287 0.837584 -4.970842 -3.751778 -1.228001 3.602911 -1.888413 -4.673098 0.532462 -2.757098 -1.562299 2.845058 1.345757 -4.201684 1.406921 2.069634 -1.058270 -4.903235 -1.462012 -4.184112 4.452546 3.287147 4.716614 -0.050641 1.295248 0.223892 3.554913
140 189.4965293968 18.2570330447 2.312011 -4.063858 -1.331441 0.741564 4.211722 0.892264 -4.204399 3.418470 2.866732 3.632716 3.306378 0.457052 -2.727557 2.266108 2.979960 -4.207096 -0.765390 -4.820497 2.469264 0.691687 -1.670551 2.220669 1.343008 -4.838029 1.763532 -2.225203 -1.647914 4.967372 3.760069 -0.115601 -1.683866 2.145862 -1.043139 -4.410136 3.803157 -4.470832 -3.084065 2.423925 -1.214085 -0.017628
141 187.4190547653 18.2570330447 -2.129857 -3.356555 4.559157 3.162662 2.460637 2.016877 4.943155 -0.565129 -3.548329 4.933018 3.002299 -0.106413 -3.650718 1.790327 0.853548 0.272541 3.208925 1.350583 2.931097 0.490388 4.601316 -2.895205 -0.155095 -4.000612 3.239985 -2.818277 -2.638298 4.325919 3.646666 0.183062 1.640338 -2.604801 1.745274 3.312521 -3.152802 -4.098634 2.263729 4.031070 4.354738 -2.097274
142 41.5026471894 18.2570330447 1.571783 -4.947824 -3.820180 0.852951 -3.980329 0.011206 -3.587409 -2.281102 1.271683 1.920496 -4.460604 0.269982 3.990200 -2.634350 0.002437 4.586870 -3.067611 -1.743026 0.460957 3.997340 -0.797400 0.904391 3.413922 3.449905 4.943912 -2.829455 2.613698 3.519824 -0.138181 -1.883089 4.788881 0.184320 -4.362641 4.362895 -0.040707 3.493526 1.419310 -0.970565 0.452942 4.330844
143 76.9566347436 18.2570330447 -2.204001 -4.122331 4.680334 -0.866822 4.473568 -3.606456 2.198806 -1.627828 -2.431064 -2.361647 -4.399268 -1.301831 2.103687 -3.065856 -3.837546 -0.510485 4.962551 4.109537 -3.316707 3.361735 -0.415418 -0.542494 -4.900700 -2.176967 -3.074140 3.577227 1.860022 0.602764 -1.395043 1.113616 -2.615299 -0.050215 -4.904274 2.266416 -0.705357 -3.746548 -0.651496 4.792579 3.086116 -1.340336
144 76.6602614334 18.2570330447 -3.696085 -4.311887 -1.916911 2.183652 -2.303182 -3.147773 4.705713 -1.606132 -4.712885 0.923423 -3.440565 3.261044 -2.381667 -1.445289 3.828363 -2.474210 2.266671 0.155020 -1.000554 -3.883117 3.966640 2.744028 4.905918 0.247860 3.539027 -4.858291 -0.295428 4.774564 4.626894 -2.759740 4.514825 -0.234316 -2.053126 3.823368 0.916192 0.443342 -4.741361 1.081052 1.106974 -4.585838
145 84.8442858927 18.2570330447 -4.439151 0.609578 1.715524 1.171011 3.612438 -0.690608 0.419558 0.809828 2.937509 2.867140 -3.673631 -1.605087 4.736150 -4.527534 0.128380 -4.457464 1.440562 0.638160 -1.612291 4.988886 1.749258 3.330202 3.938130 4.087747 4.013794 -1.991663 -4.780050 0.910078 3.172258 -3.931745 -4.744757 -4.116162 -2.706673 0.652756 3.314573 -1.696716 -4.975354 2.931568 -3.093020 -4.160062
146 96.3634551328 18.2570330447 -2.892736 -1.690142 1.463145 1.114121 0.740623 4.408163 2.117632 3.911406 -1.336055 -1.870984 4.521996 1.895669 -4.138286 -2.843134 4.320333 -3.159930 -1.692637 2.104769 0.275763 -2.212400 -1.871796 4.707781 2.263278 2.360444 3.190211 -4.813796 4.302531 4.714545 0.198406 -4.794305 -3.366796 -1.538777 -2.548762 3.081495 -0.457904 3.025350 1.942689 -2.177362 4.946573 4.687024
147 291.1510479059 18.2570330447 2.868912 -4.189587 -4.453455 3.743781 2.230433 3.255927 3.795678 -1.926237 -1.053186 -3.576719 -3.894133 1.139409 2.069531 4.678846 4.045949 -0.187050 3.591782 3.163987 -2.230811 1.924675 -0.151351 -1.381323 3.344521 -1.469902 -3.815888 0.072889 0.906276 4.487945 2.539713 1.799576 -4.369155 3.915656 -0.274943 -0.416506 -3.707828 -4.270311 -4.535408 -0.000690 -0.286677 1.053284
148 90.8067365084 18.2570330447 -3.877084 -4.317879 2.934832 -1.634932 4.116825 -0.425363 -2.291178 2.419608 0.156761 -1.980607 3.797679 0.332333 -3.766563 4.265115 0.552849 -1.505798 -2.843287 1.888577 -1.447247 2.189433 2.558866 -2.199673 2.810947 -3.062998 1.402005 -3.624052 3.427051 0.469061 1.689453 4.405468 -1.544857 -2.806799 -0.530352 0.931595 3.359228 0.800881 3.785794 3.782206 3.095654 -3.713388
149 155.4859830337 18.2570330447 4.569133 -4.917863 3.868587 -1.610334 0.011167 -0.032949 2.401395 0.928920 1.010956 -1.548884 -4.283330 -4.032496 2.054413 -2.267620 4.951925 -1.107277 -2.111696 -4.540005 -0.912000 2.882853 -0.243220 3.546035 1.821450 -2.419361 -2.486793 0.520895 3.091095 4.646848 -0.335666 2.293640 -2.465115 -4.625690 -0.254461 4.838143 0.993790 2.278400 -4.780848 -4.192965 1.543663 -1.452547
150 118.4187544184 18.2570330447 4.270686 -4.756312 -2.898020 2.305910 3.792962 3.545312 -3.900248 -1.500521 -1.511808 -2.795017 -3.684596 2.203905 -2.920788 1.683552 1.790240 1.692383 4.716422 -4.398946 4.266698 1.543804 -2.027240 4.412187 -4.051229 -3.466929 -0.325457 -3.649030 1.161381 1.252994 2.660212 -1.216408 -4.277754 0.205699 0.319451 -3.105448 4.212870 -3.208601 2.817326 -3.826622 4.592671 1.594618
