evaluations raw_y raw_y_best x0 x1 x2 x3 x4 x5 x6 x7 x8 x9 x10 x11 x12 x13 x14 x15 x16 x17 x18 x19 x20 x21 x22 x23 x24 x25 x26 x27 x28 x29 x30 x31 x32 x33 x34 x35 x36 x37 x38 x39
1 25.1921006389 25.1921006389 -0.250000 1.850000 3.850000 -3.250000 3.950000 -3.550000 0.650000 -4.850000 -0.350000 2.550000 -4.550000 -3.450000 4.350000 4.350000 -1.850000 0.050000 -4.050000 -1.050000 -1.950000 -2.350000 -3.150000 -3.350000 0.650000 -4.350000 -1.750000 -3.350000 -1.550000 -4.250000 -1.450000 1.550000 3.750000 -3.950000 -2.950000 -2.450000 4.050000 4.950000 -4.050000 -1.050000 0.350000 1.150000
2 27.1690329354 25.1921006389 -4.450000 -2.650000 -0.750000 -4.150000 1.550000 -0.650000 -1.750000 0.350000 -0.050000 -2.850000 2.950000 -0.650000 2.650000 4.450000 -0.350000 -1.850000 -1.350000 0.950000 4.850000 -0.650000 -1.850000 -4.550000 -1.050000 1.750000 0.150000 -1.150000 -0.450000 -3.050000 2.050000 0.950000 2.950000 -4.950000 4.550000 2.750000 -3.350000 -1.850000 4.750000 -3.550000 3.050000 -1.750000
3 53.5865281757 25.1921006389 4.450000 -1.250000 -3.750000 -2.650000 1.750000 2.850000 -4.450000 0.950000 -1.550000 2.850000 -4.050000 0.350000 3.650000 2.550000 1.750000 0.650000 3.850000 -1.150000 2.650000 4.850000 3.250000 -3.850000 4.650000 2.650000 -2.050000 0.050000 1.050000 2.150000 -2.350000 3.350000 -3.450000 -3.450000 -4.850000 -0.250000 -1.650000 1.450000 1.850000 2.450000 -3.550000 -4.250000
4 43.5495044982 25.1921006389 3.750000 -2.550000 -0.450000 0.550000 0.950000 4.250000 -0.750000 -4.750000 -4.650000 0.650000 -1.050000 4.350000 -1.650000 3.550000 -1.550000 1.250000 -1.750000 1.050000 1.750000 1.650000 4.750000 3.550000 2.250000 3.650000 4.650000 2.250000 4.350000 3.550000 -3.250000 1.750000 -3.650000 3.650000 3.450000 -4.950000 -1.950000 2.150000 2.850000 2.250000 0.050000 -2.150000
5 27.1190781634 25.1921006389 -0.750000 -2.450000 -0.650000 3.650000 -3.650000 -2.250000 -1.550000 -1.050000 -4.750000 -0.950000 -0.050000 2.050000 -0.950000 -2.550000 2.150000 -4.550000 0.550000 0.450000 -0.150000 -0.350000 -4.550000 -1.650000 4.250000 -4.650000 -2.850000 -1.250000 3.950000 1.950000 -0.850000 -2.550000 4.050000 -3.750000 1.750000 0.850000 0.050000 1.550000 -0.250000 0.850000 -1.850000 -3.350000
6 69.9657462002 25.1921006389 1.950000 4.050000 -2.450000 -1.150000 -4.550000 -2.450000 0.750000 -1.250000 -3.550000 4.950000 -4.150000 4.950000 -4.450000 2.050000 -2.750000 3.650000 -4.750000 -3.250000 -2.650000 3.950000 -3.750000 -1.750000 -0.250000 -4.550000 4.150000 0.250000 -0.050000 1.150000 -2.850000 -1.350000 -0.050000 0.150000 -0.450000 -3.650000 4.550000 0.650000 0.550000 -2.850000 1.950000 -2.750000
7 207.8352568779 25.1921006389 3.850000 0.050000 2.450000 -0.450000 4.450000 -4.150000 4.250000 2.750000 3.150000 -1.650000 4.950000 3.450000 0.250000 -2.250000 -2.550000 -2.150000 1.950000 0.550000 3.050000 -4.950000 4.350000 -0.650000 -0.750000 -2.650000 -1.050000 -4.550000 -2.250000 -4.350000 -4.150000 3.750000 -3.750000 4.150000 4.950000 2.350000 -3.550000 0.050000 -4.350000 -3.650000 4.850000 4.550000
8 30.6052916325 25.1921006389 4.250000 -3.050000 2.550000 0.950000 -2.550000 -2.950000 -1.150000 2.350000 0.750000 1.650000 1.050000 -1.650000 -3.950000 -4.050000 4.850000 2.650000 -0.650000 -2.350000 -4.350000 -0.050000 4.850000 -1.450000 2.450000 3.350000 -0.450000 4.850000 4.250000 -0.750000 -1.650000 -0.950000 -0.550000 2.050000 -1.650000 4.750000 -0.450000 3.250000 -1.950000 4.850000 -0.650000 -1.950000
9 87.5626844488 25.1921006389 2.950000 0.350000 0.250000 -1.850000 1.150000 1.750000 0.450000 3.750000 -1.750000 -4.050000 -3.950000 0.250000 2.350000 1.050000 0.950000 4.150000 2.850000 -1.750000 -3.750000 -2.550000 -0.350000 -3.650000 -1.650000 1.550000 0.350000 -0.550000 3.750000 2.450000 4.650000 -0.650000 4.950000 2.450000 -3.250000 -0.750000 2.850000 4.850000 2.650000 4.050000 -2.850000 1.550000
10 28.5829348483 25.1921006389 -0.350000 -3.350000 -2.950000 -2.950000 2.350000 1.450000 -1.050000 -4.150000 0.450000 3.250000 -0.250000 2.150000 0.750000 -4.150000 1.550000 -3.750000 3.950000 -3.550000 -1.250000 -4.650000 -4.050000 3.450000 1.050000 -1.950000 4.450000 -4.150000 -4.250000 -0.050000 0.850000 -0.450000 -2.450000 -3.850000 -0.250000 1.750000 -2.250000 1.250000 2.950000 -1.750000 4.250000 3.650000
11 84.5401426404 25.1921006389 -3.050000 4.750000 -2.750000 -3.450000 -2.950000 0.250000 4.150000 1.650000 4.450000 -2.150000 -3.850000 4.050000 -3.450000 -4.750000 0.350000 0.450000 1.750000 2.950000 3.450000 -3.850000 2.450000 -3.950000 -4.350000 -0.250000 -1.650000 -1.650000 -2.150000 4.750000 -4.350000 4.750000 2.350000 -2.550000 -0.350000 -3.850000 0.750000 -4.250000 -2.050000 1.350000 2.650000 1.450000
12 44.0734649418 25.1921006389 4.950000 3.750000 0.650000 -0.950000 3.850000 -2.750000 0.850000 -3.750000 1.150000 2.750000 0.650000 3.150000 -0.450000 -4.650000 -0.650000 -3.950000 2.450000 1.750000 0.150000 -3.250000 -3.850000 4.450000 3.250000 2.050000 0.250000 4.650000 -2.950000 4.950000 -2.550000 -2.350000 -3.350000 -4.050000 2.450000 1.250000 -2.750000 2.450000 2.750000 2.550000 -1.750000 3.550000
13 47.7626168748 25.1921006389 -1.950000 -2.250000 0.750000 0.250000 -3.850000 3.350000 -1.250000 2.250000 0.550000 0.750000 -1.650000 2.850000 -2.650000 -1.150000 -3.650000 3.550000 3.650000 -0.450000 1.650000 1.150000 -4.150000 -3.050000 4.050000 -0.550000 1.850000 -1.750000 4.050000 1.450000 3.750000 -2.850000 -1.050000 -4.450000 -2.750000 0.650000 -2.050000 -0.350000 -0.050000 -4.650000 -4.850000 2.250000
14 61.0670630395 25.1921006389 1.550000 2.650000 -3.550000 -2.450000 -4.250000 -1.250000 2.250000 -1.150000 1.550000 -3.250000 -1.950000 1.950000 2.550000 0.150000 -3.150000 -1.450000 3.450000 -3.750000 4.250000 0.450000 -3.450000 4.250000 -3.550000 4.550000 0.850000 0.150000 -4.450000 2.950000 0.450000 -3.050000 -1.350000 4.050000 -2.150000 4.250000 3.050000 1.050000 -1.650000 3.850000 2.350000 4.850000
15 35.5902017271 25.1921006389 3.250000 3.550000 1.950000 -1.450000 1.050000 4.450000 0.350000 -2.850000 1.650000 4.850000 0.850000 1.350000 2.950000 -4.550000 2.350000 -3.250000 -4.550000 -2.850000 1.950000 2.150000 -2.550000 -0.750000 4.950000 -4.950000 1.250000 3.350000 -3.450000 -4.650000 -3.150000 -0.150000 -2.350000 0.350000 4.850000 3.650000 2.650000 3.950000 -4.250000 -0.150000 1.350000 4.050000
16 37.9151842369 25.1921006389 1.850000 2.750000 -2.850000 0.450000 -1.450000 2.650000 4.850000 1.850000 4.350000 -1.050000 1.850000 -3.050000 -2.850000 -4.350000 1.250000 -1.150000 -4.350000 1.650000 -0.350000 -1.550000 -2.150000 -1.250000 -3.850000 -0.650000 -3.750000 -0.750000 2.250000 -3.350000 -2.250000 -4.550000 4.450000 -1.150000 3.750000 -3.750000 -4.350000 -4.050000 4.050000 1.750000 0.250000 -4.950000
17 54.5467788066 25.1921006389 -3.350000 3.050000 4.350000 2.650000 0.350000 2.450000 -0.550000 -0.350000 1.450000 -2.250000 0.350000 3.650000 2.250000 1.250000 -3.950000 -3.850000 3.750000 -2.950000 -4.850000 -3.950000 -2.050000 4.550000 -1.150000 2.850000 1.950000 -3.550000 -3.250000 -4.750000 0.050000 -3.950000 -2.550000 -2.150000 0.550000 -1.650000 -3.850000 -0.950000 1.950000 2.850000 -3.850000 0.950000
18 65.5975843599 25.1921006389 -2.450000 4.550000 4.150000 -1.250000 -0.550000 -2.150000 3.950000 4.650000 4.650000 -4.750000 4.150000 -1.050000 -3.150000 3.950000 -4.250000 2.550000 3.550000 -4.350000 3.950000 -2.150000 0.550000 -4.650000 3.950000 1.350000 -2.350000 -2.950000 1.350000 -3.850000 4.450000 0.750000 -2.150000 -0.050000 -3.050000 -3.050000 1.150000 -0.750000 1.650000 0.950000 0.450000 -3.950000
19 53.6298567574 25.1921006389 -2.550000 -1.950000 1.150000 -4.050000 -1.650000 -3.950000 1.450000 0.150000 2.250000 -3.950000 -0.950000 -3.150000 -1.550000 -0.950000 -2.950000 1.850000 4.350000 3.950000 -0.450000 -2.650000 0.750000 0.550000 0.050000 2.450000 3.750000 -4.750000 1.450000 3.250000 -1.250000 2.950000 -2.850000 4.550000 1.950000 4.350000 2.250000 -2.550000 4.950000 3.250000 -2.750000 1.050000
20 42.8094588844 25.1921006389 1.250000 4.850000 -3.050000 1.850000 4.950000 2.950000 -1.650000 1.050000 2.950000 2.650000 3.150000 2.350000 4.850000 -4.950000 -3.550000 -1.950000 -3.050000 4.250000 4.650000 -4.250000 -0.450000 -3.550000 -0.450000 -3.850000 -1.550000 -0.150000 1.250000 3.450000 -0.650000 4.950000 4.150000 -1.250000 3.050000 -2.050000 3.550000 2.250000 0.150000 -3.850000 -2.550000 -1.850000
21 94.6032502226 25.1921006389 -2.050000 0.750000 -0.050000 -1.050000 4.850000 -3.050000 1.850000 -2.750000 1.250000 -4.550000 1.550000 -0.250000 -4.750000 2.250000 -1.250000 -0.850000 -1.850000 -0.250000 -0.950000 3.750000 1.550000 3.250000 -3.650000 3.150000 -3.950000 4.950000 -1.750000 4.250000 -4.550000 1.950000 -0.850000 -3.050000 2.850000 1.950000 3.150000 -4.150000 3.550000 0.150000 1.050000 2.550000
22 48.5230181389 25.1921006389 0.750000 2.950000 4.050000 -0.750000 3.150000 -0.950000 -3.950000 1.150000 -3.750000 -0.650000 -0.750000 -0.150000 0.050000 -1.850000 3.850000 4.050000 -2.750000 -3.350000 4.150000 -3.150000 -3.650000 -2.850000 -0.650000 -3.150000 0.550000 -3.150000 -0.550000 -1.950000 -3.450000 1.850000 2.650000 -4.850000 3.350000 -2.850000 0.350000 4.550000 3.150000 -1.250000 3.350000 4.350000
23 27.3563790836 25.1921006389 1.450000 3.450000 2.150000 -4.350000 -4.050000 4.350000 -0.950000 4.050000 -2.850000 4.050000 0.050000 -1.850000 3.550000 -1.250000 0.650000 -0.650000 -2.550000 2.250000 -4.250000 2.550000 4.150000 -1.350000 2.350000 -1.350000 -0.150000 -1.950000 0.250000 -2.150000 4.050000 0.450000 -1.950000 -2.350000 4.250000 -1.950000 0.850000 1.150000 4.150000 1.150000 -4.750000 2.850000
24 69.9365828633 25.1921006389 -2.750000 -0.350000 4.250000 2.050000 0.750000 -2.850000 4.650000 4.450000 2.850000 -4.350000 -2.350000 -3.350000 4.050000 3.250000 0.150000 -3.350000 -1.250000 -3.950000 3.350000 -0.550000 -0.150000 4.650000 2.750000 -2.350000 -1.450000 4.550000 4.150000 3.350000 1.250000 0.850000 -0.750000 -0.350000 -3.450000 4.950000 4.850000 -0.050000 1.350000 -0.850000 -3.950000 0.850000
25 26.1995229990 25.1921006389 3.550000 -0.950000 -2.050000 -0.850000 -0.850000 -3.150000 -4.650000 -4.350000 -4.950000 1.450000 4.050000 -2.750000 4.450000 -4.250000 4.450000 -2.050000 1.450000 3.250000 2.350000 2.750000 2.750000 0.350000 3.550000 0.450000 -4.850000 -0.450000 0.650000 -2.050000 -4.250000 -0.050000 1.050000 4.650000 -1.850000 4.550000 1.250000 0.550000 4.650000 -1.650000 -0.150000 -3.250000
26 32.1679150903 25.1921006389 -1.550000 1.550000 -1.550000 2.950000 2.550000 2.150000 4.950000 3.250000 -2.550000 2.050000 1.350000 -1.350000 -4.550000 -1.750000 -0.050000 -4.250000 -0.050000 -1.350000 -1.550000 2.450000 -4.450000 1.850000 2.550000 -2.250000 4.250000 3.750000 -4.750000 -4.950000 -4.950000 -1.850000 2.250000 0.250000 2.350000 -3.350000 -2.650000 -3.450000 -3.850000 0.050000 0.950000 4.650000
27 19.7545053337 19.7545053337 -4.050000 -0.550000 3.750000 2.350000 -2.750000 1.550000 1.050000 4.150000 -3.350000 2.150000 0.150000 -3.850000 3.050000 -3.250000 -1.650000 -4.150000 -1.150000 -4.050000 3.750000 0.550000 3.350000 1.250000 0.250000 3.250000 -3.350000 1.950000 3.150000 -3.650000 0.150000 0.550000 -3.950000 -0.750000 0.650000 0.050000 0.550000 3.050000 -3.950000 -2.250000 -0.750000 1.850000
28 55.0690535873 19.7545053337 -4.550000 -4.350000 -1.050000 0.050000 -4.650000 3.650000 2.550000 -1.750000 1.850000 -0.450000 -3.650000 -4.150000 -1.250000 3.150000 3.550000 4.950000 -4.150000 -4.250000 -3.650000 4.150000 2.950000 0.950000 1.350000 -3.050000 -1.250000 1.650000 -4.350000 1.350000 3.850000 3.550000 1.350000 4.950000 -0.550000 4.650000 0.950000 3.350000 0.050000 -2.950000 -1.150000 1.750000
29 39.9920541516 19.7545053337 -0.450000 2.050000 1.550000 -3.150000 -3.350000 2.350000 -2.450000 -3.950000 -0.450000 -2.650000 -4.750000 0.850000 -2.050000 -0.750000 -3.750000 -3.050000 2.350000 2.750000 3.650000 4.550000 -0.950000 1.050000 -0.350000 -3.350000 2.450000 -0.250000 3.050000 -2.950000 3.350000 -4.050000 -1.150000 3.150000 1.050000 1.550000 -0.950000 4.750000 -4.650000 1.250000 -1.950000 4.450000
30 34.5019617224 19.7545053337 0.150000 -0.450000 -0.550000 3.050000 4.150000 3.950000 0.150000 2.050000 0.250000 -0.250000 1.150000 4.450000 0.150000 -2.150000 -1.950000 -1.650000 -0.250000 0.250000 -0.050000 1.050000 -4.750000 -1.050000 3.850000 -3.450000 2.150000 4.250000 1.150000 -2.450000 -0.550000 4.850000 -4.150000 -2.750000 -4.450000 3.950000 3.650000 -4.750000 -2.850000 2.650000 3.250000 -0.450000
31 45.0899030850 19.7545053337 3.050000 -2.050000 -3.350000 1.950000 0.850000 -4.950000 -0.050000 0.250000 4.050000 1.550000 -1.450000 -0.750000 1.950000 -2.450000 -4.450000 -1.250000 -0.550000 -4.450000 4.750000 -4.450000 0.650000 1.150000 -4.250000 -0.950000 -2.250000 -4.850000 -1.350000 -4.050000 -3.650000 -0.350000 1.950000 -2.250000 1.350000 0.150000 -4.550000 3.650000 -2.550000 -3.950000 3.950000 -1.450000
32 34.1297083118 19.7545053337 1.750000 -1.450000 2.250000 2.750000 3.250000 1.050000 3.550000 3.650000 2.450000 0.950000 0.550000 -1.150000 -0.050000 -2.850000 1.150000 4.350000 4.750000 2.350000 0.850000 4.050000 3.950000 1.350000 -2.850000 0.950000 3.450000 0.950000 2.950000 4.550000 1.550000 -3.650000 2.550000 0.550000 4.650000 2.050000 4.250000 -0.850000 3.050000 2.950000 1.750000 2.050000
33 28.1419197435 19.7545053337 -0.050000 1.350000 4.950000 3.150000 -2.450000 -0.050000 -0.650000 -4.650000 2.550000 3.150000 4.650000 3.250000 -4.050000 0.950000 3.050000 2.150000 4.950000 4.750000 -2.050000 3.250000 -2.350000 -2.950000 -1.950000 0.250000 4.350000 -3.750000 2.650000 -4.550000 2.750000 3.250000 -3.550000 -3.350000 -4.650000 2.250000 4.750000 -2.050000 -4.950000 -1.150000 -4.050000 -1.550000
34 38.1138656140 19.7545053337 -4.650000 3.250000 1.750000 -3.350000 -3.950000 -1.050000 -1.350000 3.450000 -1.850000 -4.650000 4.850000 -2.150000 0.650000 -2.050000 -1.050000 0.750000 1.150000 -0.050000 3.250000 0.050000 -1.050000 4.350000 4.150000 4.450000 1.550000 -4.350000 3.250000 4.050000 -4.650000 2.450000 -4.550000 3.850000 -1.250000 -3.250000 1.850000 -4.650000 -1.750000 -1.350000 1.650000 -4.450000
35 145.6789907226 19.7545053337 0.650000 2.150000 2.750000 -2.350000 1.650000 -2.050000 3.350000 -0.950000 3.050000 4.750000 -4.950000 -4.750000 -4.250000 3.350000 -0.950000 2.050000 -2.850000 -4.150000 -1.050000 -1.650000 -0.750000 -1.950000 -4.850000 1.150000 3.950000 1.850000 -0.750000 0.350000 3.650000 -1.550000 4.550000 -4.650000 1.150000 -3.450000 -1.750000 -1.250000 -1.550000 -0.450000 4.650000 -0.650000
36 105.3836167884 19.7545053337 3.950000 -1.550000 1.050000 4.150000 -2.350000 -3.450000 2.150000 1.950000 -3.150000 -2.750000 1.450000 -3.650000 -4.350000 1.850000 2.650000 3.050000 1.850000 1.850000 -1.650000 1.250000 0.050000 -0.550000 -2.050000 -3.550000 3.550000 3.650000 -1.450000 -0.550000 -2.450000 -3.150000 0.650000 -1.850000 2.550000 -1.750000 -0.850000 2.650000 1.250000 -3.350000 3.750000 -1.650000
37 33.1265269971 19.7545053337 -2.950000 -4.150000 -1.350000 0.850000 3.450000 -0.350000 -3.250000 -3.050000 2.050000 -1.950000 0.950000 2.650000 2.450000 2.750000 0.050000 -4.750000 -2.150000 -0.650000 0.750000 1.550000 -2.250000 -2.750000 3.050000 3.050000 -2.650000 -2.850000 -0.650000 3.650000 3.150000 -3.550000 -0.650000 2.650000 2.650000 -0.950000 -3.250000 3.150000 -4.850000 -1.950000 2.450000 4.150000
38 54.0427997108 19.7545053337 0.550000 0.150000 -2.650000 -4.250000 4.750000 0.650000 4.450000 2.850000 2.650000 -3.850000 -2.750000 0.950000 -2.450000 3.050000 4.950000 0.250000 -3.250000 0.850000 -4.650000 0.150000 -1.650000 -2.650000 1.550000 0.550000 3.050000 -1.850000 -0.850000 -3.550000 -0.250000 -4.750000 1.650000 2.950000 -4.250000 -4.650000 3.750000 -3.550000 4.450000 4.550000 -3.750000 -0.750000
39 65.8123917995 19.7545053337 -2.850000 -2.850000 -1.950000 -4.950000 -0.050000 -3.750000 2.350000 3.950000 -2.650000 -1.450000 -4.450000 1.750000 4.950000 4.850000 2.850000 3.450000 4.150000 3.550000 -3.550000 1.850000 -0.050000 -4.450000 0.750000 -0.050000 2.250000 4.450000 -3.750000 3.150000 0.250000 4.150000 4.250000 0.950000 -1.950000 1.850000 -2.850000 -4.350000 -2.150000 -4.050000 -1.050000 -2.350000
40 38.1376491060 19.7545053337 -4.750000 0.450000 3.650000 -3.950000 -3.450000 -2.550000 3.650000 -0.850000 -0.850000 1.850000 -2.150000 4.250000 -2.550000 2.850000 4.750000 -2.850000 -4.850000 -1.650000 2.950000 -1.350000 -2.750000 2.950000 1.650000 2.750000 3.650000 2.350000 -3.950000 2.050000 2.850000 -3.250000 2.750000 3.950000 -0.150000 3.150000 -4.950000 3.850000 -1.450000 -2.150000 -4.650000 4.250000
41 36.6406763846 19.7545053337 -1.750000 -3.550000 1.250000 -2.750000 -0.150000 4.750000 -3.750000 2.550000 -3.650000 -3.050000 4.450000 -2.950000 1.450000 1.550000 1.450000 2.850000 -3.150000 1.550000 1.050000 2.950000 2.650000 0.450000 4.350000 0.350000 2.950000 -2.750000 -0.350000 3.850000 -4.750000 4.050000 3.450000 -4.250000 2.750000 -0.650000 -1.150000 -2.150000 1.550000 -2.050000 4.550000 1.350000
42 22.4304440305 19.7545053337 -1.850000 -2.150000 -2.150000 -4.750000 -4.850000 -1.350000 3.450000 -2.350000 4.950000 -2.350000 3.350000 -1.450000 2.750000 3.850000 0.450000 -2.250000 -1.550000 1.250000 2.550000 -3.650000 0.850000 -2.050000 -4.050000 1.250000 -0.050000 3.450000 -1.050000 0.450000 -3.950000 -2.150000 0.350000 3.450000 -0.050000 -2.950000 0.650000 4.250000 1.050000 -0.950000 -2.150000 0.150000
43 60.0762476276 19.7545053337 -2.250000 0.950000 3.950000 -0.150000 2.250000 2.550000 -4.150000 -0.250000 -4.350000 3.550000 3.750000 4.750000 -3.550000 -3.450000 -4.950000 -2.550000 -4.650000 4.950000 2.850000 3.150000 -3.350000 -4.950000 -0.950000 -1.650000 -3.250000 1.050000 2.150000 4.650000 0.750000 3.850000 0.450000 1.450000 -4.050000 -3.150000 4.950000 -4.950000 4.250000 -0.050000 0.850000 2.750000
44 77.7373381363 19.7545053337 -3.450000 -4.750000 -2.250000 -1.650000 -2.250000 -1.650000 4.550000 -0.450000 2.350000 4.650000 4.550000 -2.850000 -0.250000 4.250000 -4.050000 2.450000 -0.750000 -0.950000 -0.750000 1.450000 -1.750000 2.750000 -1.750000 0.050000 -4.150000 3.850000 -3.350000 2.750000 4.850000 2.250000 3.850000 4.450000 0.950000 -4.550000 -4.650000 -0.250000 1.150000 -2.750000 3.850000 -3.850000
45 49.9287269619 19.7545053337 -0.650000 2.850000 -3.650000 3.750000 0.250000 1.150000 2.050000 -2.950000 -4.250000 4.250000 1.750000 -3.950000 -1.850000 3.450000 2.550000 -3.550000 -4.250000 -4.950000 0.550000 4.950000 4.050000 3.350000 -0.550000 0.750000 3.250000 -2.250000 -0.150000 -0.150000 1.950000 2.850000 4.750000 3.750000 -3.150000 -0.050000 -4.750000 -3.750000 -4.150000 -3.750000 -0.050000 2.350000
46 23.6451321244 19.7545053337 -0.850000 1.250000 -1.150000 3.450000 3.550000 -3.350000 -1.850000 -3.450000 3.650000 -2.450000 -1.250000 3.850000 -1.150000 -3.050000 -2.350000 3.850000 -3.850000 2.150000 -0.250000 3.450000 -4.350000 2.550000 0.350000 -0.450000 -3.550000 3.150000 -2.550000 -2.650000 -3.050000 1.050000 0.550000 -2.950000 0.150000 -4.150000 3.350000 0.250000 0.950000 -3.150000 -1.250000 4.950000
47 99.2628625610 19.7545053337 -0.150000 3.650000 -1.850000 -2.550000 -0.750000 3.850000 -2.550000 4.750000 4.150000 -0.850000 -2.550000 -1.750000 -1.350000 -1.050000 -0.450000 -0.450000 0.450000 3.150000 1.550000 -2.850000 0.950000 0.050000 -4.650000 -1.850000 -4.550000 -2.650000 1.950000 1.550000 0.550000 1.650000 1.850000 -4.150000 0.350000 0.750000 -1.850000 1.350000 -2.950000 -4.450000 4.350000 -2.550000
48 25.7351459555 19.7545053337 0.950000 -3.850000 3.050000 -0.550000 -3.050000 4.650000 -2.850000 -4.450000 1.350000 -1.550000 2.750000 -2.050000 -2.350000 1.150000 -4.850000 4.650000 0.350000 1.450000 -1.150000 -4.050000 -2.450000 -2.550000 4.850000 -2.850000 -1.850000 0.450000 3.850000 0.150000 -2.750000 2.050000 -4.850000 1.350000 0.750000 2.650000 -2.450000 -2.750000 -0.450000 -4.950000 1.150000 0.550000
49 22.7712763602 19.7545053337 2.150000 0.250000 4.450000 -3.550000 2.750000 0.050000 -2.650000 -2.550000 -1.250000 3.450000 3.850000 2.750000 3.850000 -3.850000 -3.850000 4.550000 -3.450000 -4.850000 0.650000 -4.150000 -0.250000 -1.150000 0.450000 -0.850000 1.450000 -2.350000 0.450000 -2.750000 -0.050000 -1.150000 -2.250000 2.250000 -0.650000 -1.150000 -1.250000 1.650000 -2.250000 1.950000 -0.850000 -1.350000
50 33.9650223611 19.7545053337 0.850000 -1.050000 -0.150000 1.050000 1.250000 4.950000 -0.850000 0.850000 3.450000 0.450000 -2.850000 -4.450000 4.650000 -0.650000 1.850000 -4.350000 2.550000 1.950000 4.950000 3.850000 1.250000 2.150000 -2.350000 3.550000 -4.250000 1.250000 1.850000 -4.150000 -2.950000 -1.250000 -0.150000 -3.550000 -1.750000 2.850000 -4.050000 -4.550000 -3.350000 -2.550000 -3.650000 -0.850000
51 25.3976485846 19.7545053337 4.750000 4.650000 0.850000 4.850000 2.450000 3.050000 -2.250000 0.550000 0.650000 4.350000 -3.050000 -4.350000 1.650000 0.650000 3.450000 3.350000 0.050000 2.450000 0.050000 -0.950000 1.850000 -0.350000 -4.550000 -2.150000 -1.950000 -4.050000 1.550000 3.950000 -4.050000 -4.950000 1.550000 -1.450000 1.850000 1.650000 2.750000 -1.950000 -0.750000 3.350000 4.450000 2.150000
52 87.1329273497 19.7545053337 -4.150000 1.750000 3.150000 4.750000 -2.150000 0.150000 2.850000 -0.150000 2.750000 0.550000 4.750000 -4.950000 2.050000 2.350000 4.150000 4.750000 -1.950000 3.050000 2.050000 -1.850000 -4.250000 3.650000 -0.850000 1.950000 1.350000 -2.150000 -3.550000 -1.250000 -0.450000 -0.750000 -1.850000 2.350000 3.950000 -2.150000 0.450000 2.750000 -4.450000 -0.650000 3.650000 0.250000
53 32.8459863996 19.7545053337 3.650000 -4.050000 -3.450000 3.550000 -4.950000 -0.550000 1.350000 -2.150000 -4.050000 3.950000 -2.250000 0.750000 -0.550000 1.350000 -0.550000 0.350000 3.350000 -3.650000 -3.150000 2.650000 4.650000 1.750000 3.150000 -2.450000 1.650000 0.350000 -3.150000 1.850000 -1.550000 -2.250000 2.050000 -2.450000 -1.350000 -1.350000 -4.850000 -1.050000 2.350000 3.550000 0.150000 -3.750000
54 60.2415769462 19.7545053337 0.350000 -3.950000 0.550000 3.850000 -1.850000 3.450000 -4.950000 -2.650000 1.950000 1.150000 2.050000 -4.550000 -4.850000 3.750000 -0.750000 -4.050000 -0.350000 4.650000 1.150000 4.450000 -2.650000 -0.450000 1.750000 4.350000 -0.650000 -1.450000 -4.650000 4.450000 -1.850000 3.050000 2.850000 -4.550000 4.750000 2.150000 1.950000 0.850000 0.250000 -4.750000 -2.450000 0.750000
55 23.2497198315 19.7545053337 4.350000 0.650000 -0.250000 0.650000 -2.850000 0.450000 -3.650000 1.550000 -2.050000 -0.150000 1.250000 4.850000 4.550000 -3.650000 3.950000 -0.250000 0.650000 2.650000 0.350000 2.350000 -2.950000 -2.350000 -3.050000 4.250000 4.050000 0.650000 3.350000 -1.550000 2.650000 4.550000 -0.950000 -0.450000 -2.550000 -3.950000 -2.350000 -3.350000 1.750000 0.350000 1.550000 3.850000
56 77.5944585166 19.7545053337 4.050000 -3.250000 -3.250000 -0.350000 1.850000 -2.650000 -2.750000 -3.850000 -1.950000 -4.950000 -0.350000 4.550000 -1.750000 0.250000 2.250000 -0.350000 -1.650000 4.350000 -2.250000 -3.750000 1.350000 3.850000 -3.950000 1.050000 2.850000 4.050000 -1.150000 2.550000 4.550000 -3.450000 -3.250000 2.550000 1.450000 -0.450000 1.750000 -1.350000 2.550000 4.150000 -3.350000 3.250000
57 32.4741184408 19.7545053337 -3.550000 -3.150000 2.950000 -4.850000 -1.250000 1.350000 -3.450000 -1.650000 0.050000 0.150000 2.650000 -0.550000 -4.150000 2.450000 3.750000 -2.450000 3.250000 -2.050000 2.150000 -0.850000 -1.450000 -3.250000 -2.750000 -4.450000 0.750000 -1.550000 3.650000 -3.450000 4.350000 1.450000 -2.650000 2.150000 -0.850000 2.450000 -1.350000 -0.150000 -2.650000 -4.150000 -4.250000 -2.850000
58 56.2554259403 19.7545053337 3.450000 -2.950000 -4.750000 -4.650000 1.950000 -0.250000 3.850000 2.950000 4.550000 1.350000 3.550000 -2.350000 3.950000 -0.450000 -2.050000 -3.650000 -1.450000 -0.750000 1.450000 -0.750000 1.450000 4.050000 -0.050000 -4.150000 3.350000 4.750000 -3.650000 3.050000 -1.750000 0.150000 0.050000 -0.150000 -2.350000 -2.750000 -0.050000 2.050000 -3.450000 -4.250000 4.950000 0.050000
59 39.9721537545 19.7545053337 -1.650000 3.950000 3.550000 4.550000 1.450000 -1.850000 -4.050000 3.050000 -3.250000 -4.450000 -4.250000 0.150000 1.250000 -2.350000 -4.550000 -0.550000 4.050000 2.550000 0.450000 0.250000 3.050000 2.250000 -2.150000 4.750000 -0.350000 -3.050000 -0.950000 -2.850000 -3.350000 -4.250000 1.750000 4.250000 -3.750000 3.850000 4.150000 3.450000 3.450000 -0.350000 1.450000 -2.650000
60 19.4455764916 19.4455764916 2.050000 -3.450000 4.850000 1.250000 -4.450000 -4.650000 -0.250000 -3.650000 -2.450000 -3.750000 -1.550000 -0.350000 -0.750000 -3.150000 4.550000 1.550000 2.650000 1.350000 -1.850000 -1.150000 2.050000 2.650000 -3.450000 -1.550000 2.650000 -0.350000 2.750000 -4.850000 1.350000 -4.450000 -3.850000 -1.550000 2.050000 -0.550000 4.650000 -3.150000 1.450000 3.150000 2.150000 -3.050000
61 39.8529329121 19.4455764916 1.650000 -4.650000 -4.950000 -3.750000 -0.950000 0.750000 2.950000 -2.250000 3.550000 -3.350000 2.150000 -4.250000 0.550000 -0.250000 -4.750000 1.350000 -3.950000 4.550000 0.250000 -1.250000 -2.850000 2.850000 0.150000 4.850000 -1.350000 0.850000 -4.050000 0.550000 -3.850000 0.650000 3.650000 0.050000 -1.550000 2.950000 -4.150000 -0.650000 -0.850000 3.650000 -0.350000 2.650000
62 95.0524158227 19.4455764916 2.750000 -4.850000 -4.450000 -2.150000 4.650000 4.850000 -0.150000 -0.550000 -2.750000 -3.450000 0.750000 1.650000 -3.250000 3.650000 -0.250000 1.450000 2.750000 4.150000 -3.450000 -4.750000 1.750000 3.750000 2.150000 -4.850000 2.550000 -0.850000 4.450000 0.650000 1.450000 1.350000 0.950000 0.650000 3.250000 3.450000 -0.650000 -2.350000 -0.350000 0.450000 -2.050000 -3.450000
63 130.9354409803 19.4455764916 -3.650000 -4.450000 -4.550000 -4.550000 3.350000 0.850000 -3.150000 3.850000 -0.750000 -3.150000 -2.950000 4.150000 1.150000 4.950000 1.050000 0.150000 -2.350000 -4.550000 -4.450000 -2.450000 -0.550000 -4.350000 -1.850000 -0.150000 -4.950000 2.450000 2.850000 0.750000 3.050000 2.650000 -1.250000 3.350000 0.050000 -2.550000 2.150000 2.350000 -1.150000 -4.350000 -2.350000 -2.050000
64 135.9047006796 19.4455764916 1.350000 -4.550000 -4.850000 1.350000 -2.050000 3.750000 2.750000 4.250000 -4.150000 -2.950000 -2.450000 3.350000 -0.150000 1.750000 -3.450000 -2.650000 1.550000 3.450000 -1.750000 -2.250000 3.650000 2.350000 2.950000 -3.950000 -2.750000 3.550000 4.950000 -0.450000 -1.950000 -1.050000 -2.750000 -3.250000 -1.150000 -4.850000 4.350000 -2.250000 0.650000 0.550000 -2.950000 3.950000
65 39.8929457089 19.4455764916 -3.950000 1.950000 1.350000 2.150000 -1.150000 -4.550000 -3.550000 3.350000 -2.250000 -2.050000 -0.450000 -3.750000 -1.950000 -0.850000 4.050000 3.150000 0.750000 -4.650000 -0.850000 -3.350000 0.150000 1.550000 1.450000 -0.350000 -4.450000 4.350000 -3.050000 -3.150000 -4.450000 0.050000 -4.450000 -3.150000 3.550000 -1.050000 3.250000 1.750000 -3.550000 1.850000 -2.650000 -3.650000
66 38.2999606669 19.4455764916 0.050000 1.150000 -3.850000 4.250000 0.450000 -0.750000 -2.050000 0.750000 -0.550000 1.250000 -1.150000 1.550000 3.350000 1.650000 -0.150000 -4.450000 3.050000 -1.250000 -2.850000 -0.450000 3.550000 4.750000 3.350000 -1.150000 0.650000 1.350000 1.750000 1.050000 -3.550000 -1.950000 0.150000 1.550000 -1.450000 1.150000 2.050000 -2.450000 3.750000 -3.450000 -0.950000 4.750000
67 30.2584601681 19.4455764916 -3.850000 4.350000 -4.050000 3.250000 -3.750000 1.650000 -3.350000 1.250000 4.850000 -1.150000 3.450000 0.050000 -0.650000 2.150000 -3.350000 -2.350000 -0.150000 -2.550000 -4.950000 -4.850000 -1.550000 3.950000 2.650000 4.150000 -3.450000 2.050000 -3.850000 2.650000 2.350000 -4.150000 -4.050000 3.250000 -3.950000 -2.650000 -1.050000 -2.850000 -4.550000 2.350000 -3.050000 -4.550000
68 85.6363371601 19.4455764916 -2.650000 -1.150000 -1.250000 -2.050000 2.850000 -2.350000 -4.850000 -1.350000 0.950000 1.750000 -0.850000 -0.050000 -3.850000 -0.550000 -1.350000 -4.950000 1.050000 -3.850000 3.850000 -3.050000 4.950000 0.650000 -4.450000 3.750000 -0.550000 2.750000 0.150000 -2.550000 1.050000 -2.650000 -1.450000 1.050000 4.450000 -4.350000 -0.150000 0.450000 -2.350000 -1.450000 -4.550000 -4.350000
69 51.7218842584 19.4455764916 2.250000 2.250000 -4.250000 -0.250000 -1.050000 1.950000 3.750000 -4.050000 3.350000 -1.350000 -3.250000 2.950000 0.850000 0.350000 3.650000 2.350000 2.050000 -1.450000 1.350000 -0.250000 3.150000 -0.050000 4.550000 -3.650000 -2.950000 3.050000 -4.950000 0.850000 -0.150000 -4.350000 -4.250000 -3.650000 0.450000 -4.750000 4.450000 4.350000 -0.150000 4.950000 3.150000 -0.150000
70 32.7059865211 19.4455764916 -1.150000 -0.750000 2.650000 -3.650000 0.650000 -1.750000 -2.350000 3.550000 3.750000 -0.050000 -3.150000 -3.550000 2.850000 -2.750000 2.050000 2.950000 -2.650000 4.050000 -3.850000 2.050000 -0.650000 -0.150000 3.450000 2.350000 4.850000 -3.250000 0.750000 -1.750000 -0.950000 -2.950000 -4.350000 0.750000 -4.950000 4.050000 3.850000 -4.850000 -0.950000 -2.650000 2.950000 -4.150000
71 50.2847589650 19.4455764916 1.150000 3.350000 3.250000 3.350000 0.150000 4.550000 -3.050000 -1.950000 -1.050000 4.450000 2.850000 1.250000 4.150000 -0.050000 2.450000 0.850000 -0.450000 2.850000 -3.050000 4.350000 4.250000 -3.450000 0.550000 -4.750000 1.750000 -2.550000 -1.650000 1.650000 0.950000 4.650000 2.450000 -1.750000 -2.450000 4.150000 2.550000 -1.750000 4.350000 4.650000 3.450000 1.650000
72 33.6030128945 19.4455764916 2.450000 0.850000 2.050000 4.050000 3.750000 0.950000 3.150000 -2.050000 2.150000 2.350000 -0.150000 1.150000 4.250000 -3.950000 -4.150000 1.150000 -3.750000 -2.250000 3.550000 4.750000 1.050000 -1.850000 3.650000 -1.750000 3.850000 -2.450000 0.350000 -0.950000 -3.750000 -2.750000 -4.650000 3.050000 -3.550000 -4.050000 3.450000 -3.050000 2.250000 3.950000 -2.250000 -3.150000
73 49.1088538686 19.4455764916 4.650000 4.150000 -3.150000 4.350000 4.250000 -1.150000 1.650000 -4.250000 -0.650000 -2.550000 0.450000 -1.250000 3.450000 -1.550000 0.550000 -4.850000 -3.350000 -2.150000 -4.550000 4.650000 3.850000 0.850000 -0.150000 -1.250000 -3.050000 -4.950000 -1.250000 -0.250000 0.650000 -1.650000 3.050000 -4.750000 2.150000 -2.250000 -3.150000 -2.650000 -4.750000 2.750000 -0.550000 -0.250000
74 50.5575297805 19.4455764916 2.650000 -1.750000 -1.750000 0.750000 3.050000 -1.450000 0.250000 1.350000 4.250000 0.850000 4.350000 -2.450000 -2.150000 4.550000 -2.150000 1.750000 -0.950000 -0.150000 1.850000 0.350000 1.650000 -3.150000 1.850000 3.450000 1.050000 2.150000 0.550000 -2.350000 -2.150000 3.450000 -0.250000 2.750000 4.050000 1.050000 -0.550000 2.950000 3.350000 -2.450000 4.150000 -4.850000
75 116.7250792004 19.4455764916 4.150000 -0.850000 -0.350000 4.450000 -3.150000 -3.250000 2.450000 3.150000 -0.250000 2.250000 -2.050000 -0.450000 -3.750000 -3.350000 -0.850000 -3.450000 1.350000 1.150000 -0.650000 1.750000 -4.950000 3.050000 -3.350000 -3.750000 2.050000 3.250000 2.550000 4.850000 0.350000 -3.850000 1.450000 -0.950000 -2.050000 0.350000 -1.550000 -3.250000 2.050000 -4.550000 2.050000 -1.250000
76 17.5411512873 17.5411512873 -0.550000 2.550000 2.850000 -2.250000 -1.950000 3.550000 1.950000 -1.550000 4.750000 0.250000 -4.850000 -2.250000 3.150000 -4.850000 4.650000 -1.050000 -2.950000 3.750000 -2.150000 -2.750000 -3.050000 -2.250000 0.950000 2.950000 -3.850000 -3.850000 3.550000 -3.750000 3.550000 1.150000 -0.350000 0.850000 0.850000 -1.450000 -4.450000 0.350000 -1.250000 4.350000 -1.450000 -4.050000
77 67.5091778201 17.5411512873 -4.850000 -0.150000 -0.950000 2.850000 4.350000 -4.350000 -2.150000 -4.950000 -0.150000 0.050000 -3.750000 0.450000 -4.650000 -2.950000 -4.350000 3.750000 4.450000 3.850000 -0.550000 -0.150000 -1.950000 4.850000 -3.150000 -2.050000 1.150000 0.550000 2.450000 -4.450000 2.950000 3.150000 0.250000 4.350000 -3.850000 4.450000 -3.050000 4.050000 -1.850000 -1.850000 -1.550000 -1.150000
78 23.4753230569 17.5411512873 -2.350000 -1.350000 4.650000 -1.950000 -1.350000 1.850000 1.150000 4.950000 0.850000 2.950000 1.650000 -2.650000 1.550000 4.650000 2.950000 0.950000 -2.050000 -3.050000 -2.350000 1.950000 2.150000 1.950000 1.250000 -0.750000 2.750000 2.950000 2.350000 1.750000 -4.850000 2.150000 1.250000 -0.250000 -2.250000 0.250000 1.450000 -2.950000 0.750000 -0.250000 0.750000 -0.350000
79 23.9871181901 17.5411512873 -1.350000 3.150000 -0.850000 1.550000 -0.350000 -1.950000 -1.450000 -2.450000 -1.650000 -4.150000 3.650000 -0.950000 0.350000 -2.650000 3.350000 -1.750000 -2.250000 -0.350000 -2.550000 0.650000 -3.950000 -4.750000 -3.750000 -1.450000 -0.750000 -0.950000 -2.450000 -2.250000 1.850000 0.250000 -1.550000 -2.650000 3.850000 -1.550000 -0.250000 0.150000 -0.550000 -3.050000 -0.250000 -2.250000
80 41.2431140274 17.5411512873 4.550000 -3.650000 4.550000 -4.450000 -1.750000 -1.550000 0.550000 -0.650000 0.350000 3.650000 -2.650000 2.250000 1.050000 0.550000 -1.450000 1.950000 1.250000 -3.450000 4.450000 3.350000 4.550000 -3.750000 -1.450000 2.150000 -4.650000 2.850000 -1.950000 -1.450000 4.950000 1.250000 1.150000 -0.850000 -0.950000 -1.250000 -3.450000 0.750000 4.850000 3.050000 -0.450000 -2.950000
81 46.0228699257 17.5411512873 -3.250000 -2.750000 -4.150000 2.550000 -3.250000 -0.450000 -0.350000 -4.550000 -1.450000 -0.350000 -0.650000 3.950000 3.750000 -1.650000 3.150000 4.250000 2.150000 -2.650000 -2.450000 -3.450000 3.750000 4.950000 -4.950000 3.850000 -2.150000 -2.050000 2.050000 -3.950000 2.250000 -2.050000 4.850000 4.850000 -4.350000 -0.350000 -0.350000 4.650000 0.350000 -3.250000 2.250000 -1.050000
82 30.1471083705 17.5411512873 0.250000 2.450000 1.850000 1.750000 -3.550000 4.150000 -4.550000 1.450000 3.850000 3.750000 0.250000 3.550000 1.350000 -0.150000 -2.250000 1.050000 2.950000 0.650000 -4.050000 -4.550000 -3.250000 -0.950000 1.150000 0.150000 -1.150000 -3.650000 -2.050000 0.950000 -0.350000 4.450000 3.350000 1.750000 -3.650000 0.450000 2.450000 3.550000 3.650000 -4.850000 2.850000 2.450000
83 29.8143852728 17.5411512873 2.550000 0.550000 -2.350000 -3.050000 2.050000 0.550000 0.050000 0.450000 3.250000 1.050000 2.250000 -1.550000 3.250000 1.450000 1.950000 -0.950000 -1.050000 -1.950000 3.150000 2.250000 1.150000 -2.150000 0.850000 4.050000 0.950000 -3.450000 -4.150000 3.750000 -2.050000 -0.250000 3.950000 -4.350000 -4.750000 -0.150000 -3.750000 1.950000 2.150000 4.750000 -3.450000 3.350000
84 49.6326076615 17.5411512873 -4.350000 -4.250000 0.350000 4.650000 -4.150000 0.350000 -2.950000 0.650000 0.150000 -0.550000 -4.650000 2.550000 -4.950000 2.650000 1.650000 2.250000 0.250000 4.450000 -3.250000 2.850000 2.850000 -4.150000 -2.550000 4.950000 0.450000 3.950000 4.650000 -1.650000 4.250000 3.650000 -4.950000 -1.050000 -4.550000 -4.250000 -1.450000 -3.850000 -1.350000 0.750000 -3.250000 3.050000
85 217.0168209111 17.5411512873 1.050000 4.950000 3.450000 1.150000 4.050000 -3.850000 3.050000 2.450000 -1.350000 3.850000 -1.350000 -4.650000 -2.950000 1.950000 1.350000 -1.350000 4.650000 -4.750000 -4.750000 0.750000 0.450000 -4.050000 -2.950000 -2.550000 4.550000 -0.650000 4.850000 -0.650000 4.150000 3.950000 0.850000 -0.650000 2.250000 -1.850000 -4.250000 -3.950000 -3.150000 1.550000 -4.950000 2.950000
86 78.4014942355 17.5411512873 -3.750000 -0.050000 0.050000 -1.350000 2.950000 -4.050000 -3.850000 0.050000 3.950000 1.950000 -1.750000 1.050000 -1.050000 2.950000 -3.250000 4.450000 4.250000 0.750000 2.750000 0.850000 -4.850000 4.150000 -3.250000 -2.950000 -4.750000 2.550000 0.050000 2.850000 1.150000 0.350000 -2.950000 4.750000 -1.050000 -4.450000 -2.950000 4.150000 0.450000 -2.350000 0.650000 -3.550000
87 24.8620559635 17.5411512873 -1.250000 1.050000 -1.450000 3.950000 0.050000 -3.650000 1.250000 -0.750000 -2.950000 2.450000 2.350000 -2.550000 0.950000 -4.450000 4.250000 -0.050000 1.650000 -0.850000 -2.750000 3.550000 -3.550000 -1.550000 4.450000 -1.050000 -4.350000 1.450000 -4.850000 -3.250000 2.450000 -3.350000 3.550000 -2.850000 -4.150000 3.250000 -2.150000 0.950000 0.850000 4.450000 -1.350000 3.450000
88 28.7945279575 17.5411512873 0.450000 1.450000 0.150000 -2.850000 -0.450000 -0.850000 0.950000 -1.850000 -0.950000 -0.750000 2.450000 3.050000 -0.850000 0.450000 0.750000 1.650000 0.850000 3.650000 -4.150000 -1.750000 -0.850000 3.150000 4.750000 0.650000 3.150000 2.650000 -4.550000 4.350000 -1.350000 4.250000 -1.750000 1.250000 1.250000 0.550000 0.250000 2.850000 3.250000 2.050000 3.550000 1.950000
89 30.6180000220 17.5411512873 2.350000 3.850000 0.450000 -3.850000 -0.250000 2.250000 -0.450000 2.650000 -1.150000 3.350000 3.950000 4.650000 1.850000 -3.750000 3.250000 -0.750000 3.150000 2.050000 -2.950000 3.050000 -4.650000 0.150000 -4.750000 1.650000 4.750000 -4.250000 4.550000 0.250000 2.150000 -1.750000 -4.750000 -1.350000 3.650000 -0.850000 -0.750000 2.550000 3.850000 0.250000 2.750000 -4.750000
90 13.7424220608 13.7424220608 -3.150000 1.650000 -1.650000 -1.550000 -4.350000 4.050000 4.350000 -3.250000 -3.450000 -1.850000 -3.350000 0.550000 2.150000 -1.450000 4.350000 4.850000 0.150000 -1.550000 -3.350000 0.950000 4.450000 -0.850000 -2.250000 1.850000 -0.250000 -0.050000 1.650000 -0.350000 -0.750000 2.350000 -3.050000 1.950000 2.950000 2.550000 2.350000 -1.550000 -3.750000 -0.750000 1.250000 3.750000
91 117.6220342315 13.7424220608 -4.950000 -3.750000 2.350000 4.950000 2.650000 -4.450000 -4.350000 4.350000 -3.050000 4.150000 -1.850000 1.850000 -3.650000 4.050000 -1.150000 3.950000 -0.850000 3.350000 2.450000 -1.050000 2.350000 -2.450000 -1.250000 -2.750000 -3.150000 0.750000 3.450000 -1.350000 -1.050000 -0.850000 2.150000 -2.050000 4.350000 3.050000 1.650000 -1.450000 -3.250000 1.050000 -1.650000 3.150000
92 46.2550010991 13.7424220608 4.850000 -1.650000 1.450000 2.250000 2.150000 -4.250000 1.550000 -3.550000 1.050000 -4.850000 -4.350000 3.750000 -0.350000 0.050000 -2.850000 -2.750000 -3.550000 0.050000 4.550000 1.350000 -1.350000 1.450000 2.050000 2.550000 4.950000 -1.050000 -2.350000 -1.850000 3.250000 -4.850000 -2.050000 1.850000 3.150000 0.950000 -3.950000 -1.650000 -3.050000 1.450000 1.850000 1.250000
93 35.0981692670 13.7424220608 -1.050000 2.350000 -4.350000 -0.650000 1.350000 2.750000 -4.750000 -3.350000 1.750000 -1.750000 3.050000 0.650000 -2.750000 4.750000 0.850000 0.550000 -2.450000 -3.150000 0.950000 -2.050000 3.450000 0.750000 -2.450000 1.450000 -2.450000 1.550000 -0.250000 1.250000 2.550000 -2.450000 3.150000 3.550000 1.550000 3.750000 1.550000 -0.550000 -0.650000 4.250000 -4.350000 -0.550000
94 28.3886511852 13.7424220608 -4.250000 4.250000 -4.650000 2.450000 -4.750000 1.250000 2.650000 -1.450000 -4.450000 4.550000 1.950000 -4.850000 -1.450000 0.750000 0.250000 2.750000 -4.450000 -2.750000 4.050000 -1.450000 1.950000 -4.250000 -2.650000 4.650000 2.350000 -4.450000 -2.850000 -1.150000 1.750000 -0.550000 3.250000 -1.650000 -3.350000 1.350000 -2.550000 -0.450000 2.450000 3.750000 -3.150000 0.650000
95 46.8674509492 13.7424220608 -1.450000 4.450000 0.950000 -1.750000 4.550000 3.150000 4.750000 4.850000 -3.950000 -4.250000 2.550000 -0.850000 -2.250000 -3.550000 -2.650000 3.250000 0.950000 -0.550000 1.250000 3.650000 2.250000 -0.250000 1.950000 -4.050000 -0.950000 1.150000 -2.650000 -0.850000 -2.650000 4.350000 0.750000 1.150000 4.150000 3.550000 -3.650000 1.850000 3.950000 1.650000 -4.150000 0.450000
96 80.2260654019 13.7424220608 -2.150000 -0.650000 -2.550000 -0.050000 -0.650000 -4.850000 1.750000 -0.050000 -2.350000 -1.250000 -0.550000 1.450000 1.750000 0.850000 -4.650000 -2.950000 4.550000 -2.450000 -1.450000 -3.550000 -1.150000 2.450000 2.850000 0.850000 -4.050000 -3.950000 0.950000 0.050000 1.650000 -3.750000 4.650000 -1.950000 -2.650000 4.850000 3.950000 4.450000 -1.050000 3.450000 0.550000 -4.650000
97 53.7896498426 13.7424220608 -0.950000 -4.950000 3.350000 1.650000 -2.650000 -4.750000 -4.250000 -3.150000 -3.850000 -3.650000 -3.450000 -1.950000 -3.050000 -1.950000 2.750000 -4.650000 -4.950000 -1.850000 4.350000 -4.350000 2.550000 2.050000 -1.550000 -4.250000 -0.850000 -4.650000 -1.850000 2.350000 3.950000 -4.650000 -0.450000 -0.550000 -0.750000 -3.550000 1.350000 -1.150000 4.550000 0.650000 4.050000 0.350000
98 46.4329390670 13.7424220608 3.350000 -0.250000 4.750000 0.350000 -1.550000 -0.150000 -1.950000 2.150000 -2.150000 -3.550000 3.250000 2.450000 0.450000 -0.350000 -2.450000 -0.150000 4.850000 0.150000 -3.950000 -1.950000 0.250000 -4.850000 -4.150000 2.250000 -2.550000 -1.350000 4.750000 -1.050000 -1.150000 -1.450000 -1.650000 2.850000 0.250000 1.450000 0.150000 -3.650000 -3.650000 -1.550000 4.750000 -2.450000
99 172.4064796278 13.7424220608 2.850000 -2.350000 -3.950000 1.450000 3.650000 2.050000 4.050000 1.750000 -4.850000 0.350000 -3.550000 -3.250000 -3.350000 -1.350000 -1.750000 -3.150000 -3.650000 4.850000 2.250000 4.250000 -1.250000 0.250000 -1.350000 -3.250000 -3.650000 1.750000 -2.750000 2.250000 4.750000 2.750000 4.350000 0.450000 1.650000 -2.350000 1.050000 -4.450000 -2.450000 -0.550000 2.550000 -0.050000
100 62.6818112573 13.7424220608 3.150000 -1.850000 1.650000 0.150000 0.550000 3.250000 3.250000 4.550000 -4.550000 3.050000 4.250000 -4.050000 4.750000 4.150000 -3.050000 -1.550000 2.250000 0.350000 -1.350000 -2.950000 0.350000 1.650000 3.750000 3.950000 0.050000 4.150000 0.850000 4.150000 3.450000 2.550000 -3.150000 1.650000 -2.850000 3.350000 2.950000 3.750000 -2.750000 2.150000 -4.450000 -0.950000
101 111.4895855225 13.7424220608 3.213148 -3.445486 1.639731 4.630056 -4.060096 0.366073 4.875376 4.633596 2.238883 -4.063219 0.538489 4.280493 -2.493667 2.991345 3.414736 -0.084202 3.668956 -2.154978 4.679395 1.174974 4.187272 -2.246844 -4.588712 1.798086 3.992246 -0.436891 0.327160 2.699444 -3.563005 3.175163 -1.215681 -4.269278 1.433241 -3.778235 -3.496477 2.788849 -4.471180 2.631347 -4.449592 0.768628
102 501.0573086276 13.7424220608 3.885527 3.002591 -0.334894 0.437658 4.094821 -0.846946 4.906138 1.717252 4.402126 -0.244214 -4.917378 3.332947 -0.895650 -0.690152 4.233720 -1.395985 -0.597614 4.369092 -0.994307 -2.067207 4.246595 -0.430848 -2.578481 1.342763 3.855967 1.679962 -0.725183 -0.694634 4.987716 0.666612 0.842482 -0.751482 3.052682 -3.432676 3.238847 4.709582 3.802938 -1.063294 4.042307 -3.852904
103 43.2356600453 13.7424220608 2.780842 -2.242783 2.718217 3.207563 4.648574 -2.205775 -3.634093 4.592279 3.691902 3.448021 -1.505851 -1.565372 -1.435309 0.624634 3.459626 -1.617256 0.800152 2.677917 -2.518177 4.952695 3.195306 -0.578197 -4.863650 -3.294520 4.564835 0.551659 4.296542 -4.889690 2.120223 0.366214 -3.532071 3.834818 -0.100853 -2.714080 2.329754 -1.876177 1.002609 -3.387429 0.917540 -0.356988
104 184.1582215290 13.7424220608 3.995090 -1.396586 4.248699 -1.833319 4.247251 -4.765329 4.022093 4.620860 -3.427953 -2.444475 4.471874 4.190902 3.189812 -0.808888 -1.666236 -2.958830 -1.242475 1.142638 -3.291834 2.060327 -1.931803 0.469859 -4.694742 -1.773043 -1.042145 3.967073 4.926845 0.201585 4.254627 4.957755 2.732181 -0.209469 -2.245710 3.051532 3.224981 1.943594 -2.986409 -4.878667 2.478562 0.304945
105 164.5729637779 13.7424220608 -0.755634 2.184873 3.731478 1.812546 -0.145282 -1.343228 4.258282 2.558467 0.488276 -3.510026 -4.177009 -1.536037 -2.624224 0.487428 -0.280290 2.704295 1.692629 -3.591282 -3.083454 -4.798615 3.085561 2.273255 1.541601 -4.614569 -2.474621 -3.799854 -0.667806 -3.248381 0.048701 0.552363 0.975507 -1.192169 -4.612004 -3.912055 3.981629 1.645400 -1.499104 1.906222 -3.980119 -0.904153
106 108.3956615700 13.7424220608 -3.436688 -3.047616 -0.321932 0.954851 1.628030 0.150085 4.633663 2.580167 3.802224 -0.994997 2.742555 4.449867 0.811978 1.274308 -0.046076 1.265678 0.246216 1.709901 -1.216828 -4.222998 4.930318 -2.764450 -4.424899 2.444859 1.341946 4.438160 -2.389060 1.545433 4.831270 3.060746 2.731716 4.561371 3.400255 4.868661 1.798607 3.165420 2.101720 -1.958570 1.804772 -2.781544
107 64.0006923716 13.7424220608 3.735771 -2.775418 4.141699 0.715764 -0.100671 2.392236 4.560759 -0.101728 3.125698 4.163279 0.526376 -4.207865 -2.279727 -3.265657 2.691964 -4.968507 -0.463935 -2.990597 -4.835332 -4.997040 4.799385 0.099467 -1.632522 -3.108217 2.481645 -2.751203 -2.752500 0.969242 0.871340 1.576932 2.477970 -1.256487 -4.004324 -2.086376 -3.273825 2.271515 -2.884216 -2.265507 -0.738572 2.070865
108 146.8583503445 13.7424220608 4.952272 2.957490 2.319806 2.592306 -1.518113 -4.181821 3.792589 3.735211 0.533524 -1.751186 1.576784 3.450278 -0.491879 2.760088 -3.764757 -0.611470 0.295841 4.377865 -1.807904 -0.694827 -4.097203 4.357221 3.234159 -0.699968 4.188937 -0.778407 -1.806745 -4.996791 0.319178 4.161060 3.843066 1.312891 3.931186 -2.526114 4.627907 2.601978 -1.828042 -3.572448 3.972200 -2.797587
109 88.5963882592 13.7424220608 4.323342 4.872479 0.626095 -3.418727 3.829676 3.881236 2.896694 -0.150631 1.077384 -4.186213 -4.732898 -0.482506 -0.909782 4.028554 0.132491 4.194569 1.558013 -2.331074 -1.490419 2.333415 -1.240116 -1.511975 -1.550712 -3.809994 0.523450 -1.575129 -3.107444 -3.448233 4.130576 3.267928 4.439972 -0.025005 -3.291477 0.936832 -1.129263 3.267513 3.373287 4.794949 3.839920 -4.963890
110 42.3227798931 13.7424220608 1.702583 -3.941655 3.423754 3.168259 0.512219 -2.851792 3.212815 4.411115 -4.804329 0.113716 -0.164075 3.762524 -2.215766 -2.283907 -1.729775 -0.457635 -2.136927 -4.028262 2.538889 -0.160270 -4.070537 1.841190 2.249172 1.533288 1.722050 -0.541033 2.151439 -0.541579 -0.280108 1.262035 -0.703475 -0.323349 2.300934 -4.643464 -3.115346 2.164234 0.975791 0.366468 1.078961 3.606016
111 157.4568062589 13.7424220608 3.321172 0.311830 3.804251 -2.075528 -0.933844 -4.578198 3.187142 3.754131 -3.394143 0.236520 2.310143 -2.009511 0.512719 0.777358 3.798083 -2.374957 3.339935 -0.199965 -1.949383 -4.265184 2.672408 -2.029830 -3.754573 -0.132367 -1.425730 3.300900 -1.302528 -0.293843 -2.585801 0.129528 -4.791426 0.192217 2.153933 -0.525747 -1.290292 4.311949 -4.229660 0.406279 -3.049775 -0.436273
112 107.5171024500 13.7424220608 1.254700 -1.413967 -1.883691 -0.439391 2.970443 0.362920 4.222640 4.890052 3.566611 2.267828 -0.656206 4.538677 3.008730 2.233583 2.802256 0.260837 1.641949 3.164869 0.389020 0.263328 4.949943 1.522401 -0.895913 4.940791 1.653800 0.973538 -1.369006 -4.250382 2.482521 -4.925238 2.673870 0.829376 -0.548801 -1.040370 -2.269360 0.528274 -2.963304 -2.076254 4.532024 -3.255480
113 39.6414619267 13.7424220608 -1.125335 4.011391 1.249779 -4.779948 3.865648 1.187990 4.960703 2.988870 -3.721753 0.965442 4.950298 -1.158601 -2.004514 -3.086095 3.645493 4.711796 -3.984064 4.932744 4.519892 3.330351 -1.859441 4.983880 2.229676 4.835922 0.501490 0.326233 2.594213 -0.692340 4.945894 0.877010 2.617468 -1.236493 -1.533261 -3.221657 -1.696774 1.349633 3.388128 -0.274560 3.177295 -1.438562
114 66.6762825942 13.7424220608 0.990493 -1.929724 0.207596 -0.519969 3.060465 -4.922372 2.234738 4.293116 3.745542 -4.338777 4.788766 -4.905373 1.972789 -4.736294 3.498637 0.078993 2.640266 4.149669 -2.141945 -2.040335 4.742050 0.206065 -4.944606 2.211068 -4.208060 -2.652896 1.794963 -0.401146 -4.590214 4.731665 3.659166 -2.315846 -4.805171 3.048527 2.103962 3.113097 -3.760024 -0.434813 -2.799584 -2.910754
115 53.4650421347 13.7424220608 0.969128 2.529954 1.061271 3.694305 3.518105 -4.639654 4.247995 3.114376 -4.786914 3.300024 1.995106 -1.929775 -2.760587 2.828959 -2.346144 4.349506 -1.977850 -1.809990 1.707978 1.584563 -3.101622 -3.043107 3.245872 -4.095143 -0.062873 -2.151787 -4.896564 -4.663500 -2.266386 0.313165 0.261746 -0.785995 -1.902257 -0.694006 1.008854 -4.314351 -1.324911 -0.571907 1.445632 3.295101
116 119.1276018376 13.7424220608 -2.817396 -1.887636 -1.337744 0.547054 4.853532 -0.812630 4.751683 4.386765 4.677309 4.638043 -3.854239 1.463861 0.716482 -0.947903 -0.460532 2.230264 -1.618665 -1.104904 -2.194930 -1.813556 3.634825 -0.809886 1.143660 4.328226 0.686388 2.169784 -1.926975 0.437223 4.405139 -3.419932 -0.520820 4.308539 0.301603 0.400753 1.214010 2.374181 -4.040721 -3.071884 -3.430837 -1.987196
117 101.0236208477 13.7424220608 2.238256 0.139089 -3.480731 -0.754883 -1.790998 -2.656043 3.646954 2.320517 -4.779532 2.987716 3.860485 -2.814276 -1.037956 -2.400130 -4.418505 -3.990347 1.087296 2.415434 2.215387 -1.997867 -1.746095 0.738849 -1.920066 0.162250 -4.675215 2.340236 3.963752 -4.754873 -3.973991 4.211090 -4.171968 -3.661322 -0.318243 -3.902911 4.950551 -4.106782 2.990081 -4.367400 2.355845 2.137830
118 276.5808193401 13.7424220608 2.161756 -0.779212 -4.097909 -0.661901 3.926149 3.160068 4.540713 -4.799727 -0.283146 -1.237782 -2.707206 4.814743 0.247517 3.837063 1.806606 -2.386500 -1.351101 2.574960 -1.599322 -3.748828 1.239156 -4.649745 -4.770551 -3.584492 1.316361 1.740551 -0.858793 -2.736208 -1.193322 -0.905963 4.074882 -2.192290 2.452978 1.311798 3.770751 4.386877 -4.845336 -4.697744 0.348968 -1.673291
119 64.3110373158 13.7424220608 2.046807 3.255661 0.559321 4.402676 4.913989 -2.364539 4.563863 -2.861157 2.917911 -3.770113 -1.036298 4.513717 -2.068296 -2.493334 4.653094 3.880490 -0.705245 1.434002 -2.468833 4.716880 -4.602266 -1.497679 -3.197803 -0.026256 3.968302 0.547150 -3.941496 -0.720177 -0.290425 -2.864159 -1.532952 -3.959849 1.414717 -2.387982 -3.180628 4.476801 -0.005650 -3.979415 4.071269 3.179539
120 36.2583400736 13.7424220608 -3.788484 1.952821 4.652689 4.670539 3.019549 -2.375487 4.782398 -1.514909 -3.813951 -0.426568 -1.238815 0.296656 1.531781 0.101079 2.485725 4.480086 1.608188 0.049575 1.109664 -1.044806 3.576620 1.215243 -4.399049 -1.914862 -3.165644 -4.716477 0.401520 1.502207 -3.320512 -3.305598 2.821617 3.278031 2.372873 -1.077698 0.176724 3.400409 2.034167 -0.765899 -0.679918 2.985200
121 55.2704117247 13.7424220608 -2.313397 1.229215 -1.079611 -3.571209 0.983192 -3.935138 1.341379 3.121329 4.233218 -4.428990 -2.270741 -0.354583 3.755059 -1.983605 3.626782 0.243208 3.291436 3.557127 -1.707541 -3.558074 4.574198 -4.861897 -2.617406 -4.156619 -1.617381 2.821785 4.348820 -3.967279 3.315256 -3.794437 -0.447453 3.319935 4.914218 3.110131 3.023260 -0.360864 0.460018 3.761945 -3.422632 -2.193533
122 94.7050134332 13.7424220608 4.403172 2.640247 4.050308 3.849983 -1.565114 -4.322133 4.942905 -0.592370 0.384990 -4.787057 -4.723056 0.392472 -0.842636 -1.219983 -3.061959 3.407179 -1.612823 -3.038252 0.966939 0.602308 1.534750 -2.924824 -1.557722 -3.145409 2.965427 -3.345723 1.908948 -1.560158 1.943277 -1.038386 0.873777 -3.207898 3.316417 2.657622 -4.313163 -1.865407 -2.167744 -2.259183 -3.381121 -3.925668
123 149.6138104336 13.7424220608 2.968479 2.971128 1.888235 0.592004 4.682098 -3.713354 4.919486 1.857009 3.548863 -0.840701 -4.021440 -4.438784 1.758680 0.160293 1.134809 -0.663852 2.558725 4.607115 0.823680 -4.791588 -1.789272 -0.209397 -2.137675 1.929034 3.726481 2.446937 -2.465503 -1.766469 4.479214 -1.949035 0.602073 -0.475513 -1.190032 -2.709718 3.053918 -4.639384 -2.403334 0.568454 -3.289082 -1.436435
124 130.1328677553 13.7424220608 1.997811 1.603621 -3.366449 2.956440 3.632631 0.605448 2.666328 -3.795105 -2.018075 1.651290 -3.485298 1.629997 -4.553622 2.617175 0.085288 2.685014 2.950335 0.355512 -2.076740 4.386090 -2.739705 -4.130639 -3.526378 -0.227362 -3.377976 1.409004 3.328414 2.745101 -0.803422 3.692532 0.399616 -1.429261 -1.677915 -0.396704 0.307240 -4.872756 -4.928557 3.827359 4.684544 0.920294
125 30.5549601617 13.7424220608 -3.278417 2.413347 1.507320 1.297551 3.851389 -1.936106 2.998238 4.912877 0.374062 4.531262 0.222098 -1.463394 2.530054 -0.035057 2.699525 4.035240 -2.060153 4.072582 3.429692 2.859110 -3.824114 -2.760092 -0.964692 -1.238930 0.135358 2.094660 1.237050 -0.135349 4.781634 2.532660 1.217105 2.728334 -3.585503 -3.198124 -4.789630 2.163633 -4.502086 0.674610 3.085044 2.838488
126 184.2993658298 13.7424220608 4.993297 4.201446 -3.651941 3.756085 3.176903 0.255888 1.902071 -1.970549 -3.045520 -0.978725 -4.093979 2.669042 -1.509509 0.541530 1.194724 4.000546 -4.971564 0.220000 -1.623639 2.678441 -4.288835 4.974789 -4.500561 3.494601 1.653388 -0.460409 -3.842177 4.284332 4.672757 -1.381952 -1.044922 -0.135617 -2.989569 2.111325 3.916733 3.013438 -2.838028 -2.027369 -2.278696 1.260347
127 65.6013785797 13.7424220608 4.720499 -3.113045 4.575130 3.352453 4.573399 -0.331423 3.566646 -1.543831 -4.284768 -2.189139 4.732534 -4.907606 -1.747252 2.964607 3.130704 0.833783 -3.815264 4.772885 1.477351 -1.852039 -2.375625 3.986018 -2.973816 1.881670 -1.859994 4.925510 -0.612823 -1.483088 3.222750 2.355793 -3.779467 -1.552863 -2.427672 -3.039036 2.898583 -0.035524 -1.789665 2.035315 -0.201381 -3.403833
128 47.1859439478 13.7424220608 2.948509 -3.721599 3.814127 2.845175 2.857876 0.261839 1.896821 3.284784 -4.139256 3.033109 -1.804561 2.880923 0.166747 -1.027779 0.412992 -2.863522 -4.875592 2.452775 -0.601784 1.915305 0.995026 2.673024 -0.177566 -0.323506 2.050100 -0.942730 -2.485659 4.393888 -3.105457 -1.318869 1.415669 0.644134 -3.716728 -2.818264 -1.404287 3.312580 -3.713293 -4.108686 0.680749 -4.529947
129 46.5203732582 13.7424220608 0.115040 -0.993344 4.388450 2.375345 -2.983066 -2.938361 4.739374 1.373435 -4.431599 4.906324 1.419545 -4.185728 -3.109155 -0.703233 -2.292259 -4.557472 -3.260920 -0.329134 1.656409 -1.135000 -2.423101 -1.749201 -3.935508 -0.375568 3.569281 -3.475120 0.104649 -3.684359 0.075951 0.034856 -2.402006 4.876264 3.899130 2.982508 3.347746 4.792403 -2.004560 -2.560510 -4.251683 4.336691
130 72.5697077058 13.7424220608 3.705764 -3.831392 4.835459 -2.419249 2.937230 -2.820474 1.321408 4.968688 1.237102 0.958197 -1.554599 -1.854206 2.539163 -0.069657 -4.486805 -2.305789 2.596093 -2.810552 -2.325560 2.948502 2.804726 -0.981672 -3.107819 -2.278626 -1.934707 2.283888 -1.940842 -0.151510 4.058356 2.905127 -0.289201 -3.755409 4.876212 3.524960 4.627471 -4.534560 2.446675 -2.042213 2.660682 -1.789282
131 150.5098710651 13.7424220608 3.434079 -1.715847 -3.675462 3.623875 4.869429 -1.138626 3.939429 -4.941595 -4.888395 2.942223 1.606193 3.117603 -3.457851 -1.485716 3.328109 -3.428134 -4.491506 4.383518 1.078931 -2.639847 0.976804 -0.677704 1.104378 -4.610731 0.764045 0.184176 -2.860808 0.624938 0.363342 1.715347 2.365598 -2.070863 4.687454 -4.817474 -2.595016 -4.090601 -3.452012 -0.128032 2.293567 -4.236576
132 44.6062432466 13.7424220608 4.091715 -2.215754 4.452158 -4.494828 4.239458 1.235948 2.557937 -2.364057 0.104421 1.879633 -2.641975 4.154576 -4.434113 -2.223131 1.269615 4.623021 2.379980 -0.159071 1.078334 -2.065903 -2.419188 -2.961727 -1.085769 2.902347 -2.127203 -3.917561 0.539922 3.088547 -0.565757 0.621664 -2.703158 4.735170 4.167856 4.076927 2.520775 -0.162330 3.950286 -1.477186 4.548617 -3.666777
133 499.2719633597 13.7424220608 3.888156 3.476358 -4.801831 4.508592 3.206396 0.414279 1.195614 -3.494406 2.837071 -2.000328 -4.706122 4.611402 -2.872656 3.508570 -4.820416 3.438169 0.074337 -0.228158 -1.224353 -2.386222 -4.756079 3.475294 0.944637 0.386898 -3.003280 2.787659 2.965783 -0.487527 4.882017 3.120620 -1.138606 -3.480038 -4.162846 -2.101377 -2.862350 1.939177 -3.649847 0.860829 0.618304 -4.160446
134 91.8316607894 13.7424220608 1.883087 -1.769636 1.210289 4.082329 2.461628 -1.190020 3.934543 -0.317386 0.332705 2.368820 -4.669100 -4.781200 -1.553258 -4.273152 0.847281 -3.908309 -0.924895 -3.155697 2.877892 -4.890317 -0.055402 3.842536 -2.822813 -1.877274 4.437927 -4.046334 4.964423 2.700635 2.153292 4.985147 4.630129 -3.438881 2.445739 -1.123937 1.421434 4.588998 -4.228196 -1.551663 -3.444512 -0.686385
135 135.1379806308 13.7424220608 1.338294 3.379976 0.934218 1.620014 3.360322 3.216506 4.558821 1.234375 -2.978116 4.527834 2.302845 1.310344 -3.315789 3.891560 -0.279263 0.143027 3.946032 -3.894222 0.885419 1.242130 -0.881923 -2.532838 -4.782030 2.321598 -2.523254 -1.649458 1.222146 -2.252323 -4.903790 -4.984037 2.282506 -3.092142 4.240798 1.977655 -4.518074 3.797774 -4.228593 -2.290069 2.826995 2.065588
136 63.6367702843 13.7424220608 1.602879 -2.014803 -2.919050 -0.810404 3.966098 -3.458180 2.637460 3.343940 -2.985681 0.748107 -4.647343 0.077766 -4.924656 -4.949532 4.412699 1.420629 -4.987042 -4.298465 -3.783692 -2.597558 2.195643 4.412295 -0.411106 -3.035295 4.091518 -2.676188 0.463363 -1.062968 -3.887807 -4.953965 2.484005 0.673740 1.705619 -4.513600 3.495921 -0.228040 -2.910222 4.700366 0.481725 4.901745
137 46.8462683993 13.7424220608 -2.475870 2.049939 -4.757429 -0.714444 4.871410 -3.601132 1.504044 -4.299656 -3.524808 -3.955397 -3.436596 -3.934367 0.567283 -1.223577 -2.471496 2.169871 4.326718 -2.607696 0.788350 -3.807225 -3.810670 -4.494938 -4.876355 -2.903230 3.219510 2.844158 -3.252684 -1.566376 4.832351 3.966364 -2.523428 1.896115 2.857705 0.793454 -3.149422 -4.381051 -4.542268 1.096059 2.456667 -4.945900
138 188.5519332679 13.7424220608 4.279942 4.551481 -3.284267 4.760510 3.510147 -3.114503 1.971431 -4.190521 -2.123796 -1.320161 4.585726 -4.193028 -4.865360 4.458272 4.946145 -0.342249 -1.705155 -3.659551 4.505426 4.981619 0.978638 4.793511 -3.695007 -3.636759 4.855329 -1.722236 2.775547 3.343797 4.446085 1.725055 1.613038 -4.707810 1.914863 -1.204233 4.732975 -1.687041 0.939771 1.945884 4.669181 -2.081705
139 234.5223327697 13.7424220608 3.777736 4.046227 -4.089429 -4.996343 -3.326485 3.182926 2.795145 4.414137 -2.540421 -3.091396 1.102877 0.064924 -4.399656 -0.457625 -1.148529 -4.692603 -4.735963 2.535613 3.632385 -1.724296 4.720748 -2.730001 1.193324 -2.386990 1.343745 -3.701638 0.233055 2.168773 -1.004098 4.573730 -1.900125 -3.250126 -2.540358 0.376750 -1.411882 3.555393 -4.499468 -2.971778 -3.884640 3.908936
140 152.3992953172 13.7424220608 0.738867 1.111365 -4.208091 4.366422 -3.884352 1.835892 4.029100 -1.530197 -2.378316 1.341926 -1.702242 1.645712 0.368422 2.062131 2.226727 -3.333628 1.017939 4.181834 0.902393 -4.265732 -1.876281 2.285875 -0.590224 -1.674251 -1.763251 1.797788 4.607809 3.397358 -1.423486 2.532054 -0.425171 -1.503070 2.735881 -0.912130 -1.923826 3.642155 -4.083095 -4.714577 3.065139 2.268417
141 41.4640038552 13.7424220608 2.912650 1.239365 -1.850113 0.104791 -0.311598 0.715445 4.961929 -3.113743 3.502253 -0.606149 -4.946812 0.195904 -1.193994 -3.428458 -0.805932 4.920014 2.035394 -1.940755 -4.800020 -4.377532 -2.086771 2.193164 4.142990 0.809735 -0.467975 3.170437 3.297512 4.618906 4.041285 2.544761 -0.538092 3.755150 -4.101001 4.666798 2.490323 -1.221913 -4.884220 2.175598 3.292682 1.092257
142 158.2110238269 13.7424220608 1.094049 -1.983584 -4.167625 4.985145 4.655326 -4.665617 4.100832 -4.548824 -1.460713 2.572553 -1.037651 4.804586 0.532562 4.441285 3.614633 -3.090287 4.318656 4.650680 0.447906 3.486037 -4.460541 0.180771 0.973782 -2.384224 -2.574318 1.818419 4.977317 1.007324 -2.300556 4.321664 4.328132 3.357687 4.487907 -4.301916 4.923057 2.041736 -1.307720 1.894490 -3.792350 3.882345
143 66.4577171537 13.7424220608 4.744066 -2.174683 3.917677 1.982974 -3.036932 3.352622 3.768270 -4.795273 -2.386060 -3.577870 1.301170 0.757963 -1.112338 4.798646 0.675252 -1.258495 -1.747550 1.747207 -4.769982 -3.071764 -2.030642 2.619116 3.897930 -4.173762 -0.660828 -1.448379 4.336486 -4.507924 4.635857 1.255258 3.866430 -1.426034 -3.523833 2.369040 -3.415758 3.957556 0.163890 -4.640751 4.754880 0.381825
144 281.2324283476 13.7424220608 2.916615 1.213544 -4.902090 1.895232 1.665100 -4.325551 -0.692162 3.048312 3.486045 -3.921817 -0.355176 -0.474031 -4.818778 4.899295 3.860693 -4.594253 4.412050 -3.559634 -4.965171 -1.828754 -1.095925 -2.639066 -3.906831 0.007521 -2.507046 3.992999 1.220819 4.794513 -2.273135 -0.494447 1.329339 4.969701 -3.292374 4.309205 4.774297 -3.169089 4.048358 2.989557 4.731580 -1.894027
145 98.9164889288 13.7424220608 3.384365 0.709196 -3.079611 3.421940 1.140133 4.024030 1.424195 -1.463304 -1.434607 -4.090768 2.766748 3.764994 -3.591539 4.031626 2.235018 1.481919 -1.174449 -3.292255 3.609793 4.296568 4.474177 4.373664 0.261182 0.224234 -4.516504 -2.975965 -0.357351 1.354120 -4.186928 3.710912 0.104269 -4.873450 -2.945572 4.778056 3.670326 -2.882553 2.318093 -4.840306 -0.510172 4.299589
146 123.7014618775 13.7424220608 4.689850 -0.887922 -4.821396 3.026915 -3.828372 -0.794163 4.347235 0.132188 1.217170 -1.954915 1.021389 0.182860 -1.115976 2.204559 3.290674 -2.466755 -0.143696 -1.901876 -4.052991 -4.539258 2.416196 3.097564 -2.107556 -1.115249 2.173248 1.513651 3.286883 -2.295657 -0.491803 -3.657004 3.242075 0.694761 -1.620468 3.746042 -3.576690 0.910300 -0.255441 3.572257 -3.532271 0.479124
147 83.0521731883 13.7424220608 3.784203 3.921764 2.276408 1.147304 2.481367 3.143183 0.467903 0.082327 0.084023 4.215406 -1.079505 3.802778 -4.603998 0.240368 -4.121654 -3.803414 -1.689199 -1.094404 -2.308660 -3.924131 -0.851710 -4.898269 -1.086996 1.711367 0.527870 3.515538 -3.952200 2.245771 -2.140243 -1.656094 -4.241768 3.593454 -1.294711 0.282395 2.392775 2.536594 -2.908406 -3.185630 -3.371819 3.866581
148 104.3062466071 13.7424220608 4.083244 0.473952 0.794851 3.438998 1.510271 -3.601202 4.097540 -1.728293 1.007121 -3.094646 -3.843213 4.025756 -4.766902 -4.275531 -1.338683 -2.022893 4.817562 -1.689928 -4.828228 -0.829087 -1.493153 1.763645 3.607618 3.173526 -2.216857 -4.147975 -3.495677 -3.727502 -4.939010 4.131769 -0.034243 -0.547721 -0.392647 -0.834901 3.716140 2.299612 -3.836625 -0.221849 -2.218692 -1.851245
149 86.7270332840 13.7424220608 4.079639 4.932715 -0.203915 0.573955 4.147246 1.623737 4.898109 -1.456982 2.468114 -3.134944 2.233932 -0.903515 -0.774194 2.713973 1.091096 1.094849 4.171665 -4.077628 1.260520 -1.790920 2.635906 4.548696 4.948093 1.670669 -3.296018 0.286190 -0.500406 -4.242409 0.623120 4.437265 -2.788662 -0.278210 -0.049730 2.290174 3.252359 2.454514 4.607422 2.479698 4.577203 3.944352
150 137.4705293083 13.7424220608 4.134416 -0.446739 2.012918 -4.586119 -3.935259 -4.317293 -0.966640 4.203282 3.375517 2.937903 -0.163974 -0.522132 -4.116042 0.711326 -4.459037 1.887178 0.029027 -2.477294 0.458666 -4.686106 -1.697235 -2.502785 4.370351 3.665211 -4.090492 4.193868 -3.214491 1.700865 2.641496 -4.074604 4.078341 -4.667622 -3.684931 2.271276 2.065108 2.333126 1.626772 -4.622043 1.995271 -2.445919
