evaluations raw_y raw_y_best x0 x1 x2 x3 x4 x5 x6 x7 x8 x9 x10 x11 x12 x13 x14 x15 x16 x17 x18 x19 x20 x21 x22 x23 x24 x25 x26 x27 x28 x29 x30 x31 x32 x33 x34 x35 x36 x37 x38 x39
1 83.8119895836 83.8119895836 -4.350000 -0.450000 -0.750000 -2.450000 -2.450000 -1.550000 1.550000 1.250000 -1.250000 -2.950000 -0.350000 3.050000 4.150000 4.050000 -0.150000 -2.950000 -0.050000 -2.650000 -4.450000 -0.050000 3.550000 3.950000 0.150000 4.950000 2.250000 1.450000 -2.250000 -2.850000 2.250000 -1.850000 -1.050000 -1.650000 -4.650000 -0.750000 1.450000 -4.450000 -0.850000 -4.650000 2.650000 1.750000
2 69.9356041554 69.9356041554 -2.050000 3.050000 -0.350000 -1.350000 -0.150000 3.450000 3.850000 -0.250000 -2.350000 0.850000 -1.850000 -3.950000 1.750000 0.450000 -3.950000 -2.150000 4.550000 -2.350000 -0.950000 -1.150000 -3.750000 0.950000 1.950000 1.350000 0.350000 0.950000 2.550000 3.250000 -0.050000 -4.850000 -3.550000 3.650000 -4.750000 4.050000 2.450000 -3.350000 4.850000 -3.250000 -3.150000 -4.650000
3 87.8713964290 69.9356041554 -2.850000 2.950000 0.950000 -2.850000 2.350000 -0.250000 -1.550000 -4.950000 2.150000 0.150000 -2.550000 1.650000 -2.350000 -4.550000 -4.850000 -3.650000 -4.450000 -4.850000 4.750000 -0.450000 -3.550000 -1.150000 0.950000 -0.150000 -2.950000 -0.950000 1.050000 0.550000 -3.350000 -2.250000 2.150000 4.950000 -2.150000 -0.350000 1.550000 -2.650000 -3.050000 -3.550000 4.450000 -4.350000
4 118.4608625119 69.9356041554 -1.850000 3.750000 4.250000 -4.550000 1.650000 -1.350000 -1.350000 -1.650000 0.050000 -1.650000 0.950000 3.750000 -1.650000 -1.550000 0.050000 2.150000 -3.450000 3.850000 4.950000 -1.650000 3.250000 -4.950000 4.850000 -1.550000 2.150000 -1.050000 -0.250000 3.650000 4.550000 -2.350000 2.850000 -0.450000 0.650000 3.250000 -2.250000 -4.350000 0.250000 -0.350000 -3.650000 -1.150000
5 53.8100116282 53.8100116282 -4.850000 -4.250000 0.250000 -4.150000 -4.250000 -2.350000 -1.650000 3.650000 -0.350000 2.450000 0.750000 0.150000 1.650000 4.650000 -4.550000 2.550000 1.950000 -3.150000 -0.450000 -0.350000 -0.650000 -1.850000 1.650000 -1.950000 -3.250000 2.350000 0.750000 1.850000 3.050000 2.050000 1.250000 0.650000 4.250000 -0.850000 -4.150000 -0.550000 -2.850000 -3.150000 -2.250000 3.250000
6 89.3966703428 53.8100116282 1.150000 -0.250000 -3.150000 4.150000 -4.950000 4.550000 1.050000 -4.750000 -2.850000 1.850000 4.650000 -1.250000 0.450000 -4.050000 3.750000 -3.550000 -3.350000 1.850000 -0.750000 -3.550000 -4.750000 3.050000 2.750000 -2.950000 -3.150000 1.250000 0.650000 0.250000 2.650000 2.950000 2.750000 0.550000 1.850000 0.850000 -3.550000 -3.950000 -0.550000 4.750000 -2.950000 -0.450000
7 19.8667429192 19.8667429192 3.850000 2.150000 -4.650000 4.350000 0.950000 -1.650000 2.250000 -3.750000 -1.450000 4.650000 -0.050000 4.250000 -2.550000 4.350000 -3.550000 -3.250000 2.950000 -0.450000 3.150000 0.750000 2.850000 -3.450000 -4.950000 -0.850000 -1.850000 0.150000 4.150000 3.550000 0.150000 -1.050000 -3.350000 1.550000 -2.950000 -0.650000 4.150000 3.850000 -3.850000 -1.350000 -3.250000 1.650000
8 129.7727010567 19.8667429192 1.450000 -2.350000 0.350000 0.850000 -3.150000 1.650000 -3.750000 3.850000 3.450000 3.650000 4.950000 -1.650000 -0.450000 4.850000 -4.150000 -1.550000 -2.650000 4.850000 3.850000 2.150000 3.750000 -1.050000 3.150000 -3.050000 -3.050000 1.650000 -2.150000 -4.650000 -2.250000 -1.450000 -2.350000 -3.850000 -3.750000 -3.150000 2.550000 -1.950000 2.150000 -2.050000 3.450000 0.550000
9 40.4428718519 19.8667429192 -0.650000 -4.050000 -4.350000 4.750000 -1.350000 0.150000 4.950000 4.750000 4.550000 -0.250000 -4.250000 -4.450000 3.150000 -1.650000 -1.550000 -4.450000 -1.250000 -2.750000 2.750000 -3.950000 2.450000 2.450000 -0.050000 -4.550000 1.550000 -1.650000 4.350000 1.550000 -2.350000 4.050000 -4.750000 4.150000 1.750000 4.250000 -2.150000 -0.350000 3.850000 -0.050000 2.150000 2.150000
10 45.5626370698 19.8667429192 0.650000 -4.950000 3.850000 -1.950000 0.450000 -1.150000 -4.550000 -2.050000 -2.150000 3.150000 -1.350000 2.250000 -4.250000 -1.450000 4.550000 -2.050000 3.150000 -0.850000 -3.150000 -1.450000 -4.450000 4.150000 -1.750000 -1.650000 -2.550000 -1.550000 0.850000 0.050000 0.450000 2.250000 0.650000 0.150000 -4.950000 4.550000 -3.950000 3.550000 -1.050000 1.050000 -3.350000 1.350000
11 47.7832285615 19.8667429192 2.650000 2.550000 -2.950000 2.150000 1.250000 -1.850000 0.550000 1.350000 -0.750000 -3.550000 -4.050000 1.850000 2.250000 2.650000 -3.850000 1.950000 -1.050000 -1.450000 -4.850000 -2.850000 4.450000 -2.950000 1.850000 -3.450000 1.450000 -2.450000 3.650000 1.650000 -4.050000 -2.750000 -0.950000 -4.150000 -2.550000 -1.850000 -4.550000 1.450000 -2.750000 -3.750000 1.950000 -4.050000
12 35.2061444640 19.8667429192 -3.550000 1.950000 -4.750000 -4.450000 4.050000 -3.250000 -4.350000 3.250000 0.150000 -2.650000 -3.250000 3.350000 -0.650000 3.650000 2.250000 3.450000 -4.250000 -3.950000 -0.550000 2.050000 -1.350000 1.650000 1.350000 1.050000 2.550000 1.750000 -2.650000 -0.750000 -3.150000 -1.750000 -4.450000 -2.150000 -4.150000 3.750000 -1.350000 -4.950000 -2.250000 -1.550000 -2.750000 4.850000
13 45.2289659845 19.8667429192 3.450000 -0.850000 0.150000 3.650000 1.050000 0.250000 4.250000 -2.850000 1.450000 -4.650000 -2.150000 0.850000 1.450000 -0.750000 4.850000 4.850000 -3.850000 -1.650000 -4.950000 -4.850000 2.050000 -3.150000 -1.250000 -0.050000 3.750000 -0.650000 3.750000 -4.350000 -1.350000 0.850000 -3.950000 -4.650000 -0.650000 -2.150000 -1.550000 -1.650000 0.050000 -3.650000 1.850000 -2.450000
14 76.5588369159 19.8667429192 0.150000 -1.950000 2.950000 2.050000 1.450000 3.350000 -3.650000 -4.150000 2.550000 -4.550000 1.650000 2.050000 -1.850000 3.850000 -4.350000 -2.450000 -3.050000 1.950000 -0.150000 -4.050000 2.350000 1.350000 -0.550000 3.850000 4.950000 4.950000 -1.150000 2.650000 -0.450000 0.950000 -1.550000 -3.550000 4.650000 -1.950000 3.450000 -1.750000 4.750000 2.950000 -1.550000 -0.950000
15 174.5925275280 19.8667429192 -0.050000 0.850000 -4.850000 0.650000 3.550000 3.950000 -3.850000 -2.250000 1.550000 -4.450000 -4.150000 -0.650000 2.150000 -4.850000 1.050000 1.750000 1.250000 -2.950000 0.950000 -1.750000 -3.450000 0.150000 -0.350000 -4.450000 3.550000 -1.350000 2.350000 2.450000 4.150000 0.650000 -2.150000 -3.650000 -4.250000 -3.650000 2.650000 3.050000 0.350000 0.050000 -3.450000 -3.850000
16 54.8257689771 19.8667429192 3.950000 -4.450000 2.850000 2.650000 -4.550000 1.450000 0.850000 -0.150000 4.050000 -1.150000 1.850000 -0.250000 2.050000 -0.550000 3.650000 -0.450000 2.150000 2.450000 0.050000 -1.850000 0.350000 -0.050000 -1.550000 4.050000 -3.850000 4.250000 -2.850000 -3.550000 0.550000 -1.950000 2.450000 -1.250000 4.750000 -2.650000 -4.250000 0.350000 -1.350000 -4.850000 0.850000 4.750000
17 32.7591798906 19.8667429192 3.250000 -3.650000 -1.150000 -0.950000 -2.250000 4.350000 2.350000 2.550000 2.450000 3.250000 1.350000 -2.950000 -1.250000 1.450000 0.350000 -4.550000 -1.150000 1.650000 4.250000 -0.850000 0.250000 0.450000 1.050000 0.050000 0.950000 1.950000 2.850000 -2.450000 0.850000 2.650000 3.650000 4.550000 -0.550000 1.050000 -0.350000 2.150000 3.050000 -3.050000 3.050000 -4.950000
18 48.1889236546 19.8667429192 -0.950000 -2.250000 4.150000 -1.750000 -0.550000 0.750000 3.550000 -3.150000 -3.750000 2.750000 -3.050000 4.450000 2.950000 -1.150000 4.650000 -0.150000 2.250000 -3.650000 -2.050000 3.650000 3.950000 -1.650000 1.250000 4.750000 4.650000 -0.350000 4.750000 1.450000 -3.050000 -3.950000 3.850000 1.750000 1.250000 -4.650000 -0.050000 -4.150000 -1.950000 -4.250000 -4.450000 3.850000
19 126.8949551774 19.8667429192 1.250000 -1.150000 3.450000 3.050000 -3.750000 0.650000 3.950000 -1.950000 -2.950000 -1.450000 4.750000 2.350000 -3.950000 0.050000 -2.850000 3.550000 -4.750000 4.950000 -4.350000 -2.950000 -0.050000 -0.750000 1.550000 2.550000 0.450000 -0.450000 0.250000 -0.950000 -3.550000 -2.650000 -2.950000 -2.550000 2.450000 -0.950000 4.950000 0.850000 2.750000 3.650000 2.250000 3.450000
20 56.3841869010 19.8667429192 4.450000 -3.950000 3.550000 1.750000 -0.250000 -1.250000 4.350000 0.450000 4.650000 -2.850000 -2.450000 3.650000 -4.350000 0.850000 -1.750000 -0.950000 2.750000 2.150000 2.150000 1.150000 2.150000 3.650000 -1.850000 -0.550000 -2.350000 -0.550000 -2.450000 2.150000 -2.750000 3.550000 4.850000 -1.750000 -1.550000 -2.850000 -3.250000 -4.750000 4.350000 -0.150000 -4.050000 -0.350000
21 38.6767177217 19.8667429192 1.350000 2.350000 -2.850000 1.050000 -4.450000 -0.350000 4.150000 -1.050000 -0.650000 0.250000 0.150000 -0.950000 -0.750000 1.950000 -3.650000 -3.350000 3.550000 -4.750000 2.850000 -3.150000 2.550000 -0.550000 -2.450000 -4.150000 -0.450000 -4.950000 4.450000 -1.750000 1.050000 -4.050000 -0.550000 2.350000 -4.350000 2.150000 -2.650000 0.450000 -0.050000 -1.750000 1.350000 -2.550000
22 33.5987363016 19.8667429192 -1.750000 3.650000 2.150000 -3.050000 0.850000 1.750000 -1.950000 0.150000 3.750000 3.750000 4.850000 1.450000 2.650000 -1.950000 -0.950000 -2.550000 3.750000 0.750000 0.450000 0.650000 1.350000 3.250000 -2.750000 -4.250000 0.550000 -2.850000 0.550000 -4.250000 -1.550000 -1.350000 0.050000 1.950000 4.950000 2.750000 -1.250000 -4.850000 4.050000 -0.750000 -0.750000 3.050000
23 70.2676217655 19.8667429192 0.550000 1.250000 -2.650000 1.550000 -3.650000 -4.950000 -1.450000 -2.150000 -4.750000 2.850000 1.950000 -1.550000 -0.850000 3.950000 -1.250000 -3.750000 2.050000 -0.350000 -4.650000 -1.550000 -0.450000 4.650000 2.850000 1.950000 0.250000 -3.850000 1.950000 4.450000 0.650000 2.850000 4.150000 1.150000 0.150000 -4.250000 -3.650000 0.650000 3.950000 2.450000 0.250000 2.850000
24 57.3028810419 19.8667429192 -4.950000 0.750000 -0.050000 -1.850000 2.950000 4.750000 -1.750000 4.050000 0.750000 4.150000 -0.550000 -0.350000 0.550000 -0.250000 1.450000 4.050000 1.750000 -1.950000 0.550000 0.150000 -4.150000 -3.050000 4.650000 3.250000 1.050000 1.050000 -1.650000 1.050000 -4.850000 1.850000 -3.850000 0.450000 -4.550000 0.450000 -1.750000 4.550000 3.150000 -4.550000 -1.850000 -4.750000
25 33.6473443729 19.8667429192 -3.250000 -0.550000 3.750000 -4.050000 3.650000 -2.850000 -0.650000 -1.850000 1.050000 1.450000 -3.150000 -4.150000 3.450000 -3.150000 -2.950000 0.750000 1.850000 -0.050000 -3.850000 4.950000 4.150000 0.750000 2.650000 1.550000 -2.850000 -2.350000 3.550000 4.150000 -4.950000 1.750000 -3.450000 1.450000 2.150000 -3.250000 -4.850000 -3.650000 -2.050000 1.250000 -1.450000 -1.750000
26 87.9633250926 19.8667429192 -3.950000 -4.150000 -1.450000 4.250000 -2.950000 -2.650000 2.450000 3.150000 -2.750000 4.050000 -1.150000 -1.450000 -4.550000 0.950000 3.050000 -4.950000 -0.450000 4.550000 0.850000 -4.150000 -0.550000 -2.250000 -3.350000 4.450000 -3.350000 4.450000 -1.750000 -4.850000 3.650000 0.050000 0.950000 3.950000 2.550000 -4.750000 2.850000 4.050000 1.650000 2.750000 4.850000 -0.650000
27 49.9712683221 19.8667429192 2.250000 4.850000 -1.350000 2.950000 -2.050000 -1.450000 0.750000 -2.650000 2.050000 -4.850000 2.650000 -2.650000 3.850000 -0.050000 -2.550000 1.650000 -3.750000 -2.450000 3.050000 0.850000 -0.950000 -1.950000 -0.750000 0.450000 2.750000 1.150000 -0.450000 3.150000 2.750000 1.450000 -0.150000 -2.850000 3.550000 0.750000 -3.750000 -2.350000 2.350000 -3.450000 -3.550000 4.150000
28 47.2395413024 19.8667429192 -1.050000 -4.650000 0.450000 -1.050000 2.150000 -0.850000 4.650000 -1.550000 0.950000 -4.250000 1.150000 2.150000 0.950000 2.050000 0.250000 2.450000 -4.650000 -4.550000 -4.150000 0.950000 0.950000 -3.650000 -4.650000 2.650000 3.050000 3.250000 -1.350000 2.350000 2.050000 -2.050000 0.750000 -3.150000 0.350000 -4.350000 -0.450000 3.450000 -0.750000 3.550000 3.950000 3.550000
29 84.3073345709 19.8667429192 4.150000 -2.950000 3.050000 0.150000 4.950000 -4.050000 2.650000 -2.950000 2.850000 1.950000 4.450000 -0.450000 0.650000 4.250000 -1.350000 4.550000 -0.650000 4.150000 2.350000 -2.350000 4.950000 -4.850000 3.450000 -0.750000 -2.250000 4.850000 -3.950000 0.450000 -0.550000 -4.250000 3.750000 -1.550000 -0.350000 2.850000 3.750000 1.650000 -3.750000 4.350000 0.450000 1.850000
30 90.1316850604 19.8667429192 -3.450000 2.750000 -3.650000 -3.450000 3.450000 4.050000 -3.550000 2.050000 -3.550000 -2.350000 3.050000 4.650000 3.950000 -3.250000 -1.950000 1.350000 1.550000 4.350000 0.650000 -4.250000 4.550000 4.250000 -4.250000 -3.650000 -2.150000 -3.550000 2.650000 -1.250000 -0.150000 2.350000 1.450000 -1.850000 -1.750000 -3.550000 3.150000 2.250000 0.450000 -1.950000 -0.050000 1.450000
31 115.9818650675 19.8667429192 -1.950000 -3.050000 0.750000 -4.650000 2.550000 -0.450000 4.750000 1.150000 -0.450000 -1.750000 3.950000 -2.350000 -2.250000 1.150000 -1.850000 4.950000 2.850000 -3.350000 -1.450000 2.850000 -3.950000 -3.850000 -2.950000 -3.350000 -2.050000 -2.250000 2.050000 -3.050000 -1.750000 -0.350000 4.450000 3.050000 -2.250000 -2.950000 -2.350000 4.750000 -4.950000 1.150000 -4.650000 2.250000
32 58.1323798258 19.8667429192 2.850000 -3.350000 2.250000 -2.550000 0.150000 -2.050000 0.950000 4.650000 -0.150000 -1.950000 -4.950000 0.550000 1.850000 1.350000 -2.350000 1.850000 4.850000 3.350000 -1.850000 4.450000 -2.750000 4.950000 0.350000 -0.950000 3.450000 2.650000 3.950000 -3.150000 4.450000 3.150000 -4.050000 2.050000 -2.450000 -3.450000 -3.450000 2.750000 4.550000 -1.050000 4.550000 -2.250000
33 75.4777903400 19.8667429192 -2.750000 4.050000 -4.050000 -3.150000 -0.850000 1.550000 -2.750000 -1.250000 2.650000 -4.350000 -2.650000 1.950000 1.950000 3.350000 3.850000 -4.350000 0.350000 -4.450000 -1.250000 0.550000 3.150000 -4.150000 2.950000 0.650000 4.250000 -2.650000 -1.550000 -2.650000 3.350000 0.550000 -4.550000 0.350000 -1.950000 3.850000 1.850000 -4.050000 2.450000 -2.650000 -3.050000 -1.250000
34 38.2894177790 19.8667429192 -1.550000 -3.850000 -2.250000 2.450000 -3.450000 -3.450000 4.550000 -3.850000 1.250000 4.850000 -0.250000 2.750000 3.750000 -0.150000 -4.650000 2.250000 -0.850000 0.850000 -2.150000 1.850000 -3.250000 -0.850000 3.050000 0.350000 4.150000 3.350000 -3.350000 2.250000 -2.850000 -2.850000 3.450000 -2.250000 1.550000 -2.350000 -3.850000 -0.150000 1.250000 -3.850000 -4.550000 2.750000
35 47.8665275329 19.8667429192 2.350000 0.550000 -0.650000 1.950000 -2.150000 3.750000 1.450000 -4.450000 -1.650000 1.250000 0.050000 0.450000 -3.450000 -3.350000 0.850000 -3.450000 3.650000 0.550000 -0.050000 -2.650000 4.050000 -4.050000 -3.550000 -3.550000 3.350000 3.450000 -1.850000 0.950000 4.950000 4.750000 2.650000 4.650000 -0.050000 1.550000 3.650000 2.550000 -4.350000 -2.750000 -1.150000 -0.550000
36 31.8206754303 19.8667429192 0.750000 3.550000 2.650000 1.250000 -1.150000 2.950000 -2.450000 4.450000 -1.550000 4.250000 -3.750000 0.250000 4.850000 -3.050000 1.950000 -3.050000 3.450000 -1.350000 -3.750000 2.450000 -0.250000 -4.550000 -1.950000 4.550000 -0.950000 -3.350000 -4.950000 -3.250000 -3.750000 -3.150000 -1.250000 -0.650000 -3.150000 -1.250000 -1.650000 4.450000 -3.450000 0.650000 3.850000 -1.550000
37 32.6265237312 19.8667429192 -2.250000 -4.550000 0.850000 -4.350000 3.750000 2.050000 1.250000 -0.550000 4.350000 0.350000 3.550000 2.550000 2.450000 -3.550000 0.550000 -2.250000 -0.250000 -4.350000 0.250000 1.650000 -2.150000 -3.950000 -0.650000 -3.750000 -0.350000 -0.750000 2.250000 -0.550000 -1.250000 1.950000 4.750000 2.250000 3.050000 0.150000 -4.350000 0.550000 -1.150000 3.450000 -0.850000 3.750000
38 34.3807368981 19.8667429192 -1.350000 4.950000 -0.550000 -0.350000 0.350000 -0.050000 -1.850000 0.650000 4.450000 2.650000 -1.550000 1.150000 4.550000 -4.450000 3.350000 -2.850000 0.950000 2.550000 1.850000 0.350000 -4.850000 -3.350000 1.150000 3.950000 -1.350000 -1.250000 4.250000 -4.050000 0.050000 1.350000 -3.150000 1.250000 1.650000 4.850000 3.050000 1.550000 -4.850000 0.950000 1.050000 -2.350000
39 180.6109366302 19.8667429192 3.650000 1.150000 -1.250000 4.050000 -3.350000 1.950000 -0.950000 -4.250000 2.250000 -3.650000 2.350000 1.250000 -4.050000 -3.650000 -0.350000 2.850000 -2.550000 3.950000 0.750000 -1.050000 -1.550000 -1.250000 3.850000 3.550000 -4.450000 -4.550000 -0.850000 -0.850000 -0.650000 -3.250000 1.050000 2.150000 3.450000 0.250000 -4.650000 3.750000 2.950000 3.850000 0.050000 0.950000
40 96.8356289643 19.8667429192 0.450000 -4.750000 -4.950000 4.950000 4.250000 -4.450000 -0.050000 3.350000 2.750000 -3.050000 1.750000 -0.750000 -3.350000 -1.750000 -3.450000 -1.750000 2.350000 -0.550000 -1.750000 1.950000 -0.350000 2.650000 1.750000 1.450000 -4.250000 -2.750000 -3.250000 -2.350000 3.850000 4.650000 -4.350000 -4.550000 -2.850000 -4.150000 -0.650000 -3.850000 3.450000 -1.850000 -2.050000 4.250000
41 45.4836392743 19.8667429192 -2.950000 -1.550000 1.650000 2.850000 0.050000 -3.050000 -0.750000 1.850000 -2.050000 -2.150000 -3.350000 -4.250000 -1.550000 3.750000 -4.750000 3.850000 -2.750000 1.350000 -2.450000 -0.950000 -1.850000 1.750000 -3.950000 -3.950000 1.950000 1.350000 1.550000 -3.450000 -4.450000 4.350000 2.950000 -3.450000 -3.850000 3.350000 -1.450000 -3.050000 1.950000 0.750000 4.350000 2.450000
42 113.8750034437 19.8667429192 2.750000 -0.050000 -3.950000 -0.850000 -1.750000 -3.850000 -3.050000 0.550000 -3.850000 0.950000 2.750000 3.950000 3.550000 1.650000 2.350000 -4.250000 -2.950000 -3.250000 -0.350000 2.350000 2.250000 -2.050000 3.350000 -4.850000 0.750000 -0.050000 -4.350000 0.850000 3.750000 4.250000 -3.750000 -3.050000 0.950000 2.650000 4.850000 -3.750000 0.150000 -0.550000 4.650000 3.650000
43 170.4804325520 19.8667429192 -4.650000 -4.350000 -3.250000 -1.150000 4.350000 0.350000 2.150000 2.450000 4.850000 1.050000 1.250000 3.250000 -2.050000 1.250000 0.750000 2.350000 -3.250000 1.450000 2.250000 1.050000 -1.450000 -4.350000 -0.950000 -1.250000 -2.750000 -4.250000 -0.650000 -2.150000 1.350000 0.150000 4.250000 -4.250000 1.150000 -1.550000 3.850000 -2.550000 0.850000 -2.250000 -0.150000 -3.150000
44 110.3221126288 19.8667429192 1.050000 3.950000 4.050000 -2.650000 -2.650000 4.250000 1.950000 -3.950000 -3.250000 -2.750000 3.650000 2.450000 2.750000 -3.950000 -4.450000 -0.350000 -1.650000 -2.150000 1.550000 2.550000 -4.950000 0.650000 3.550000 -2.250000 -4.350000 2.250000 -4.850000 2.750000 1.250000 -0.250000 -4.650000 -2.650000 -0.950000 4.750000 3.950000 -1.150000 1.750000 -4.150000 -0.550000 1.250000
45 71.5919278403 19.8667429192 -2.450000 -1.650000 -2.050000 2.250000 0.250000 0.050000 2.550000 2.850000 2.350000 -0.450000 3.250000 -4.750000 -2.950000 -2.250000 3.250000 -1.850000 0.650000 -2.250000 1.050000 3.850000 -2.650000 1.250000 -4.050000 -3.250000 -4.850000 2.550000 -3.850000 2.050000 -0.950000 -3.350000 2.050000 -0.050000 0.050000 -1.450000 0.150000 -4.550000 2.050000 -4.050000 -0.250000 4.650000
46 28.1793156611 19.8667429192 0.250000 0.250000 -2.150000 0.350000 3.850000 1.250000 1.150000 -1.750000 0.850000 -0.350000 -0.850000 3.450000 4.450000 0.250000 3.450000 3.250000 0.150000 4.250000 -3.450000 -3.750000 0.750000 -2.450000 -3.050000 -2.150000 4.750000 -0.850000 -2.050000 -3.950000 3.250000 1.050000 4.950000 2.550000 -1.450000 0.050000 1.950000 -1.450000 0.550000 3.950000 -0.650000 -1.950000
47 100.8080300651 19.8667429192 -3.850000 2.050000 -3.850000 2.550000 -1.450000 3.150000 -3.350000 -1.150000 -3.350000 3.350000 2.050000 -3.850000 -3.750000 -2.950000 -3.050000 -1.250000 1.650000 2.650000 0.350000 -3.450000 -0.850000 -3.750000 -2.650000 -1.050000 -3.950000 -3.750000 3.250000 -2.550000 -0.850000 -0.450000 -2.550000 3.150000 -2.750000 1.250000 1.650000 1.750000 2.550000 1.450000 3.550000 -3.550000
48 36.3100126283 19.8667429192 -3.350000 -2.650000 -1.050000 -2.050000 -4.750000 3.050000 4.850000 0.250000 3.350000 -2.550000 -3.550000 1.050000 -0.250000 -2.850000 2.950000 4.450000 -1.850000 3.650000 1.250000 -3.350000 -4.650000 4.050000 -3.750000 -2.450000 -1.450000 -3.150000 -0.750000 0.350000 -3.950000 0.250000 -2.050000 4.250000 -1.050000 -3.050000 0.450000 2.350000 -1.850000 0.450000 0.950000 4.550000
49 66.7974995911 19.8667429192 3.750000 0.050000 1.550000 -4.250000 3.050000 -2.550000 -1.150000 -2.550000 3.050000 0.450000 -3.950000 3.150000 -3.850000 -1.350000 -3.150000 -1.350000 -4.050000 3.050000 -1.550000 2.250000 0.550000 -0.350000 3.250000 1.750000 -3.450000 -0.250000 2.150000 1.250000 3.550000 -3.050000 1.350000 -2.050000 -3.450000 -4.450000 -4.950000 4.150000 -4.450000 3.050000 1.250000 -3.450000
50 48.9987646398 19.8667429192 3.550000 -2.550000 2.050000 -0.050000 3.150000 1.050000 -4.250000 2.350000 -2.450000 -0.550000 0.850000 -1.850000 -3.650000 2.450000 4.950000 -0.650000 4.650000 2.950000 3.350000 2.650000 -2.450000 3.350000 -4.150000 2.450000 -1.650000 2.950000 -4.550000 4.550000 -1.650000 2.450000 -2.750000 -0.350000 3.950000 -1.350000 1.150000 1.350000 -3.550000 -2.550000 -4.350000 -2.950000
51 17.1273569621 17.1273569621 -0.250000 1.750000 -1.750000 -4.750000 1.950000 0.450000 4.050000 -4.550000 1.150000 -1.350000 -2.850000 2.850000 2.350000 -0.450000 1.550000 4.650000 0.550000 -2.050000 -1.350000 -4.450000 2.750000 4.750000 0.850000 -1.750000 4.350000 0.250000 1.850000 1.750000 -4.250000 2.750000 -1.350000 4.450000 -3.650000 -3.350000 -1.950000 -1.550000 -2.450000 1.750000 0.350000 1.950000
52 117.3858580543 17.1273569621 -3.650000 3.250000 -4.150000 0.250000 -1.850000 0.550000 -3.150000 -4.350000 -4.550000 3.450000 2.850000 -1.950000 3.650000 -2.650000 1.250000 -4.750000 2.550000 -3.450000 -2.950000 3.950000 -3.050000 -3.250000 4.350000 -2.750000 -1.050000 -4.150000 0.050000 -1.550000 2.350000 -0.550000 0.550000 -0.550000 2.750000 2.350000 -0.850000 3.150000 4.650000 2.550000 2.550000 0.150000
53 64.1524812160 17.1273569621 -2.550000 4.350000 -0.950000 3.550000 2.250000 2.350000 0.050000 0.350000 1.650000 4.450000 -3.850000 4.950000 -0.150000 -2.350000 -2.750000 -4.150000 1.450000 -3.050000 3.250000 -2.450000 4.850000 -0.150000 2.250000 -2.650000 -0.750000 -4.650000 4.550000 -4.550000 -1.950000 -4.450000 -2.450000 -3.350000 1.450000 4.150000 0.050000 -2.050000 -1.750000 -2.450000 0.550000 0.850000
54 58.4283190421 17.1273569621 1.950000 -0.950000 4.750000 -3.350000 -0.950000 -4.850000 0.650000 -0.350000 -0.550000 4.750000 -4.450000 -4.550000 2.550000 4.750000 -0.850000 3.050000 -2.350000 0.950000 -2.850000 3.250000 1.650000 2.950000 -2.050000 -1.350000 -0.550000 -1.850000 -2.750000 -3.350000 2.550000 4.150000 1.550000 2.850000 3.150000 -1.650000 -3.350000 -0.750000 -4.050000 -1.150000 1.550000 -4.850000
55 91.6510782876 17.1273569621 2.550000 -4.850000 3.950000 -0.450000 -4.850000 -1.750000 -1.250000 0.750000 -4.850000 0.750000 -2.750000 -3.350000 -1.150000 -3.450000 1.850000 0.650000 4.950000 -4.650000 -1.050000 4.250000 -2.850000 -0.250000 -0.450000 2.350000 0.850000 3.750000 -3.050000 4.850000 3.450000 -3.450000 3.950000 -2.750000 -0.250000 -2.750000 2.150000 4.850000 3.350000 -1.450000 1.150000 0.250000
56 110.7652819178 17.1273569621 4.350000 -0.650000 1.350000 4.450000 0.650000 -3.650000 -2.150000 -1.450000 -1.850000 -1.850000 1.050000 -2.050000 -4.850000 -2.450000 -3.750000 -4.650000 -3.150000 -3.750000 1.450000 -0.150000 -0.750000 -2.150000 -4.550000 1.150000 0.150000 -1.750000 2.750000 -4.150000 2.450000 3.350000 4.350000 -1.150000 0.750000 2.450000 -2.950000 4.350000 -1.250000 3.250000 4.050000 -1.350000
57 185.3108610186 17.1273569621 3.150000 3.450000 3.350000 -2.150000 1.850000 -3.350000 -3.250000 -4.650000 -4.350000 -0.950000 2.450000 1.350000 -2.750000 -4.750000 3.550000 4.750000 0.450000 -0.150000 2.550000 4.850000 -3.150000 2.750000 -1.450000 3.350000 0.050000 3.850000 0.350000 -1.450000 -4.350000 -3.850000 -4.150000 -3.750000 1.950000 -0.250000 -2.450000 -3.550000 3.750000 0.150000 3.650000 2.950000
58 43.9083553889 17.1273569621 -1.450000 1.050000 1.250000 -0.650000 -0.450000 -2.450000 -3.450000 2.250000 -0.950000 -0.150000 -4.650000 4.750000 -2.650000 4.450000 4.150000 0.850000 -1.550000 0.050000 4.350000 3.450000 1.450000 -4.650000 3.650000 2.850000 3.250000 -2.950000 -3.150000 2.950000 -0.250000 3.450000 -0.050000 2.450000 -1.650000 0.950000 1.350000 -3.250000 2.650000 -0.650000 4.950000 3.950000
59 38.6172886480 17.1273569621 4.650000 0.950000 1.850000 0.450000 -0.350000 3.650000 1.650000 -3.250000 -0.250000 -3.950000 -1.650000 -3.250000 -0.950000 -0.850000 -0.750000 2.950000 3.850000 3.250000 -3.550000 1.750000 2.950000 2.250000 -1.650000 4.350000 -0.150000 -2.550000 -0.150000 4.650000 -0.750000 -1.150000 3.250000 -1.350000 2.850000 -0.150000 0.350000 -4.250000 -2.150000 4.650000 -2.350000 2.050000
60 50.7780523255 17.1273569621 0.050000 -1.350000 -2.450000 0.750000 -2.850000 2.250000 -4.150000 0.950000 -0.050000 -0.650000 -4.850000 0.650000 -1.750000 0.550000 -2.050000 -0.250000 -4.950000 3.750000 -2.350000 -3.650000 -3.850000 4.350000 -2.550000 -2.550000 -3.650000 0.450000 0.450000 -4.450000 -3.650000 -4.150000 -4.950000 -4.750000 -3.950000 3.050000 -4.750000 -0.050000 1.450000 -4.350000 -4.750000 2.550000
61 39.6430748222 17.1273569621 0.850000 4.550000 -1.950000 2.750000 -0.050000 -4.650000 -4.750000 1.950000 -2.550000 -4.750000 -4.750000 0.750000 1.550000 0.350000 1.750000 3.350000 2.650000 4.450000 4.850000 -0.650000 4.750000 1.950000 2.450000 2.050000 2.950000 2.150000 -2.350000 -4.750000 1.650000 -2.550000 -2.250000 0.250000 -2.050000 1.850000 4.550000 -2.250000 -4.750000 0.250000 2.050000 -4.250000
62 241.6252725749 17.1273569621 -4.550000 -3.150000 0.550000 3.950000 -2.550000 -0.150000 -0.550000 -3.450000 -4.950000 -3.150000 -4.350000 -3.750000 0.150000 -3.750000 1.650000 0.150000 -0.150000 -2.550000 -2.250000 4.150000 -4.050000 3.450000 1.450000 1.250000 -0.050000 -1.950000 -1.450000 -2.250000 0.950000 -0.950000 3.150000 -2.450000 -1.150000 1.150000 -0.750000 2.950000 -3.350000 -3.950000 -0.950000 -4.150000
63 93.4131330087 17.1273569621 4.950000 -2.750000 1.750000 4.850000 -1.650000 2.550000 4.450000 3.750000 -3.650000 0.650000 0.650000 4.550000 -4.950000 2.250000 -2.250000 1.050000 4.150000 -0.750000 -1.650000 -3.850000 -1.950000 0.550000 -0.250000 -4.650000 -4.050000 3.650000 -1.250000 3.050000 3.150000 3.950000 -2.650000 -4.950000 3.650000 -4.950000 2.050000 -0.650000 -1.650000 -0.950000 2.750000 0.350000
64 127.5809281110 17.1273569621 -3.050000 -1.250000 -1.550000 1.450000 -1.050000 -3.950000 0.250000 0.050000 -3.150000 4.950000 -1.050000 -4.850000 0.250000 -4.950000 4.750000 3.950000 3.950000 0.250000 -4.750000 0.250000 -2.350000 -4.450000 -4.450000 4.250000 -4.650000 3.150000 3.150000 -1.650000 4.850000 4.450000 3.050000 -0.850000 -0.150000 0.350000 1.250000 -0.950000 1.550000 -1.250000 1.650000 -3.350000
65 72.1658217839 17.1273569621 -2.350000 2.650000 -0.850000 -1.450000 -0.650000 4.450000 -2.550000 3.450000 0.550000 2.550000 -0.950000 0.350000 0.350000 1.850000 4.350000 0.450000 4.350000 1.150000 3.650000 3.150000 -1.050000 0.050000 4.150000 3.650000 2.650000 4.050000 4.850000 -1.850000 -2.050000 -4.750000 1.850000 1.050000 2.250000 2.250000 0.950000 3.250000 1.150000 2.150000 -0.350000 -3.250000
66 111.6322270545 17.1273569621 -0.750000 -3.250000 4.950000 -0.150000 2.050000 1.150000 2.850000 2.650000 4.150000 2.350000 0.350000 -0.050000 -0.050000 -2.750000 2.150000 2.750000 1.150000 1.750000 -3.950000 -0.550000 -1.650000 3.150000 3.950000 -4.050000 1.350000 2.450000 -4.750000 -2.950000 0.750000 -2.450000 -1.750000 2.750000 -3.050000 -3.750000 0.750000 4.950000 3.250000 4.150000 3.250000 -1.650000
67 174.3370726801 17.1273569621 -0.150000 -1.750000 4.350000 -1.650000 4.450000 -2.750000 2.750000 2.150000 0.250000 -3.350000 -3.450000 -3.050000 1.250000 3.250000 -1.150000 4.250000 -4.550000 -1.750000 -0.850000 -3.050000 1.050000 1.050000 4.750000 0.150000 -1.150000 -0.150000 -0.950000 0.750000 -2.550000 0.350000 3.550000 0.850000 2.950000 -1.750000 1.750000 -0.850000 -3.650000 3.750000 -1.250000 -2.650000
68 152.4922113995 17.1273569621 1.750000 3.350000 -2.350000 4.650000 1.750000 3.250000 -3.950000 2.950000 0.450000 -2.050000 4.350000 1.550000 -3.550000 -0.650000 2.650000 -1.050000 -2.150000 -2.850000 -1.150000 2.950000 1.750000 0.250000 -3.150000 -1.850000 2.450000 2.850000 -3.550000 -0.450000 4.750000 -0.850000 -0.250000 -3.250000 -0.850000 2.550000 -2.550000 0.750000 -3.150000 2.650000 0.750000 -0.250000
69 117.5207393318 17.1273569621 4.750000 -3.550000 -3.350000 -3.250000 2.450000 0.950000 -2.050000 -2.350000 -1.150000 1.150000 -0.650000 -0.850000 3.350000 -1.850000 -0.450000 1.250000 -3.650000 -1.150000 3.750000 -4.350000 -2.050000 4.550000 0.450000 2.250000 2.050000 -4.050000 2.450000 4.250000 3.950000 3.850000 1.750000 4.350000 3.750000 1.750000 -1.850000 -3.150000 -2.550000 4.950000 -0.450000 -4.450000
70 98.1649234046 17.1273569621 0.950000 1.350000 -0.250000 -4.950000 -4.050000 -4.550000 -4.050000 -0.850000 -4.250000 2.950000 -4.550000 -1.050000 -1.450000 2.750000 -4.950000 0.950000 3.250000 2.850000 -3.350000 0.050000 1.850000 -2.350000 2.550000 -3.850000 -4.150000 -3.050000 -2.550000 3.350000 4.250000 -4.950000 -4.850000 -3.950000 0.550000 -2.250000 -1.150000 2.850000 -4.650000 -4.950000 4.250000 2.650000
71 59.8868000485 17.1273569621 2.150000 -0.150000 4.550000 3.150000 4.550000 4.950000 -0.850000 4.550000 -3.450000 0.550000 4.150000 -2.550000 -2.450000 -1.050000 -0.650000 -2.650000 -3.950000 3.450000 1.750000 1.550000 4.650000 3.850000 2.050000 2.750000 1.150000 0.050000 -0.050000 -3.750000 -4.150000 1.150000 -1.850000 3.450000 2.350000 -0.550000 4.750000 -2.750000 3.550000 4.050000 -2.150000 -0.150000
72 176.1938130224 17.1273569621 2.050000 -2.450000 -4.250000 -2.750000 -1.550000 -0.650000 -4.650000 1.550000 1.850000 -4.050000 0.550000 3.550000 -3.250000 1.050000 0.450000 0.550000 4.050000 -4.950000 1.150000 -2.150000 -1.750000 1.450000 -2.350000 3.450000 3.850000 -4.450000 -1.950000 3.450000 -1.050000 -4.650000 4.650000 -4.050000 -2.350000 0.550000 4.350000 -1.850000 -0.350000 -0.450000 -3.750000 0.750000
73 56.4517828630 17.1273569621 -0.450000 1.450000 2.550000 1.150000 3.950000 -2.950000 3.050000 -3.350000 -1.950000 4.350000 -1.250000 -3.150000 -2.850000 4.950000 2.850000 -4.050000 -1.350000 -0.950000 -4.250000 -2.050000 4.250000 -1.750000 -3.650000 -1.150000 1.850000 4.750000 4.650000 4.750000 4.350000 0.450000 2.250000 4.750000 -0.750000 3.150000 2.950000 2.050000 4.950000 3.150000 -4.950000 0.650000
74 28.8692386470 17.1273569621 -0.350000 -1.850000 -2.750000 3.750000 -1.950000 -3.550000 1.850000 -0.650000 0.650000 -1.250000 -0.450000 3.850000 4.250000 -4.150000 3.150000 -0.050000 -1.950000 0.650000 -2.750000 -1.350000 3.450000 1.850000 4.550000 -1.450000 2.850000 -1.150000 -3.750000 3.850000 2.950000 -2.950000 -3.250000 1.350000 -4.850000 3.650000 0.850000 1.150000 -2.950000 1.850000 -2.650000 1.550000
75 34.2948770629 17.1273569621 2.450000 2.450000 4.650000 -3.850000 4.150000 1.850000 3.650000 1.050000 3.950000 2.250000 4.550000 -0.550000 0.850000 -3.850000 4.250000 3.650000 -2.050000 3.550000 1.350000 -3.250000 -1.150000 0.350000 -4.850000 2.950000 3.650000 -4.350000 -4.050000 -2.050000 1.750000 -2.150000 0.150000 -4.450000 -3.550000 -0.050000 -3.150000 -2.450000 -0.150000 0.850000 -2.850000 -0.050000
76 39.2543513252 17.1273569621 -4.250000 -2.150000 -3.550000 -0.550000 -3.950000 2.650000 3.350000 -0.450000 3.150000 -3.250000 -0.750000 -4.650000 -4.150000 3.550000 -4.250000 -2.350000 -2.850000 1.550000 2.450000 3.050000 3.650000 2.350000 -0.150000 3.750000 2.350000 4.350000 -2.950000 2.850000 -3.250000 3.250000 1.650000 -0.750000 0.250000 -2.050000 -4.450000 2.450000 3.650000 -4.450000 2.350000 4.350000
77 38.2406959003 17.1273569621 -1.650000 0.150000 2.350000 -0.250000 1.550000 -4.250000 3.450000 1.450000 3.250000 3.850000 0.450000 -3.450000 -3.050000 -4.650000 0.650000 3.750000 3.050000 0.350000 2.950000 -2.550000 -0.150000 -4.750000 -1.350000 4.650000 -2.450000 -4.750000 -1.050000 -0.050000 -2.950000 4.850000 -0.350000 1.650000 4.550000 -4.050000 -2.050000 -2.150000 0.750000 -3.350000 2.950000 -3.650000
78 49.6176641975 17.1273569621 4.250000 0.350000 0.050000 1.350000 2.650000 3.850000 3.250000 0.850000 -3.950000 -1.550000 3.150000 0.950000 4.750000 -0.950000 -0.050000 2.050000 0.050000 -1.850000 4.150000 -2.750000 1.250000 1.550000 -1.150000 3.150000 -3.750000 4.650000 1.450000 0.150000 -1.450000 -3.650000 0.850000 4.850000 -3.350000 4.350000 1.050000 4.250000 1.050000 2.350000 -1.650000 -3.050000
79 95.4389222568 17.1273569621 0.350000 -1.050000 1.450000 0.050000 -3.850000 -4.150000 -0.350000 2.750000 -4.650000 -0.850000 2.550000 -2.250000 0.050000 2.950000 -2.150000 -2.750000 -1.750000 -3.550000 -2.650000 1.250000 -3.350000 -1.350000 3.750000 1.850000 4.850000 4.150000 3.050000 -1.350000 -2.150000 1.250000 4.050000 3.850000 4.450000 4.950000 -2.750000 -4.650000 -0.650000 -2.150000 3.750000 -2.850000
80 163.8189406432 17.1273569621 -2.150000 4.250000 -3.450000 -3.650000 -2.350000 2.150000 -2.650000 3.550000 -1.750000 3.550000 1.450000 -4.350000 3.250000 -4.350000 1.350000 4.350000 0.850000 2.050000 -4.550000 3.550000 -4.250000 2.550000 0.050000 -3.150000 1.750000 1.850000 1.650000 1.950000 1.450000 1.650000 4.550000 -1.050000 1.050000 -3.950000 4.650000 1.050000 2.250000 -0.850000 4.750000 -2.750000
81 101.5269493359 17.1273569621 -3.750000 1.550000 0.650000 -3.750000 3.350000 -0.750000 -0.250000 -3.650000 -4.150000 -0.750000 -2.950000 -1.150000 4.950000 2.550000 -0.550000 -0.850000 3.350000 -0.650000 4.650000 -4.950000 0.650000 2.150000 -2.250000 0.950000 -1.750000 1.550000 3.450000 -4.950000 0.350000 -0.050000 2.550000 1.850000 3.850000 1.450000 -1.050000 0.050000 4.150000 2.850000 0.150000 0.050000
82 77.3319472610 17.1273569621 -4.450000 4.650000 3.650000 0.550000 -3.550000 -1.950000 2.050000 3.950000 3.650000 -4.950000 4.250000 4.150000 -4.650000 2.150000 -0.250000 0.050000 2.450000 -1.050000 2.050000 -1.250000 3.850000 -1.450000 -2.850000 -4.350000 3.150000 -2.050000 1.350000 -1.950000 -4.650000 -1.250000 1.150000 -2.350000 1.350000 3.450000 3.250000 3.350000 -4.550000 0.550000 2.850000 -2.050000
83 31.4911104530 17.1273569621 -1.150000 1.650000 4.450000 4.550000 -4.150000 4.150000 3.750000 4.850000 -2.250000 -1.050000 2.150000 2.650000 4.350000 1.750000 0.150000 2.650000 4.750000 2.350000 3.950000 2.750000 -2.250000 -2.850000 0.250000 0.750000 4.550000 3.050000 -0.550000 3.750000 -2.650000 3.750000 0.250000 0.950000 -4.450000 -0.450000 -0.250000 -0.250000 -1.550000 2.250000 -1.950000 4.450000
84 173.4982863573 17.1273569621 4.850000 0.650000 -0.450000 -1.250000 -2.750000 -4.750000 -4.450000 1.650000 1.950000 -3.750000 2.250000 -2.750000 3.050000 4.150000 -4.050000 0.350000 -2.450000 0.450000 -2.550000 -0.250000 4.350000 -0.450000 -3.450000 -0.650000 -0.650000 -1.450000 -3.450000 -3.650000 1.950000 0.750000 -0.650000 -4.350000 4.850000 -3.850000 2.750000 3.650000 4.250000 4.450000 -4.850000 -1.450000
85 195.4622577805 17.1273569621 4.050000 3.850000 2.750000 -4.850000 -3.250000 3.550000 -4.950000 -0.950000 -4.050000 -3.850000 -1.450000 -2.850000 -4.450000 4.550000 4.450000 -1.650000 1.050000 2.750000 -1.950000 1.350000 0.850000 -3.550000 0.550000 -2.850000 -4.950000 0.750000 -4.150000 4.950000 2.850000 -3.550000 3.350000 -1.450000 0.850000 -1.150000 0.650000 0.250000 -0.250000 -4.750000 -1.050000 0.450000
86 29.5392552150 17.1273569621 -3.150000 4.150000 1.050000 -2.250000 2.850000 -3.750000 1.350000 -1.350000 -4.450000 -4.150000 -3.650000 -3.650000 -1.350000 -2.150000 1.150000 0.250000 0.250000 1.050000 4.050000 4.650000 -1.250000 4.450000 0.750000 -0.350000 -1.550000 2.050000 3.850000 4.350000 -1.850000 -0.750000 -1.650000 4.050000 -2.650000 2.950000 -4.050000 -3.450000 -3.950000 0.350000 -4.150000 2.350000
87 25.0494803495 17.1273569621 4.550000 4.450000 -2.550000 -2.950000 4.850000 -2.250000 -0.450000 -0.050000 0.350000 -2.450000 -2.050000 4.050000 1.050000 2.850000 2.550000 -0.750000 -4.350000 4.050000 1.950000 -4.750000 3.350000 -1.550000 -1.050000 3.050000 1.650000 0.850000 2.950000 3.950000 1.850000 -0.650000 -3.650000 0.050000 -4.050000 4.450000 4.050000 3.950000 -4.250000 -2.850000 -3.850000 3.350000
88 34.8713517365 17.1273569621 1.650000 2.250000 -3.750000 1.850000 1.350000 1.350000 3.150000 -4.050000 -0.850000 2.050000 -1.750000 -3.550000 -4.750000 -0.350000 2.450000 -0.550000 -3.550000 2.250000 3.450000 -4.550000 1.550000 1.150000 2.350000 2.150000 -0.850000 -2.150000 4.950000 0.650000 -3.450000 3.650000 0.450000 -4.850000 -1.850000 1.650000 3.350000 1.950000 -0.950000 4.550000 3.350000 1.150000
89 76.6406908978 17.1273569621 3.050000 -3.450000 -3.050000 2.350000 0.550000 -0.950000 -2.350000 1.750000 -1.050000 2.150000 2.950000 1.750000 2.850000 -2.050000 -1.050000 -1.450000 -0.550000 -3.850000 -3.050000 4.050000 -2.550000 4.850000 2.150000 -4.750000 -2.650000 0.550000 1.750000 1.350000 1.550000 -1.550000 -3.050000 3.750000 3.250000 -4.550000 3.550000 4.650000 0.950000 -1.650000 0.650000 -3.750000
90 88.3840328204 17.1273569621 -4.050000 1.850000 -4.450000 -3.550000 -4.350000 -0.550000 -0.150000 -2.750000 2.950000 1.550000 0.250000 -0.150000 -2.150000 0.150000 -3.250000 1.150000 1.350000 -1.550000 2.650000 -2.250000 -3.650000 -4.250000 4.450000 -0.450000 -3.550000 -3.650000 4.050000 -2.750000 4.050000 -1.650000 1.950000 3.350000 4.050000 3.550000 0.550000 -1.250000 1.850000 1.550000 -2.550000 -4.550000
91 89.5686281434 17.1273569621 1.850000 -0.750000 1.150000 3.250000 -1.250000 -3.150000 -2.950000 4.150000 -3.050000 1.750000 3.850000 -1.750000 4.650000 2.350000 4.050000 -3.950000 -4.850000 0.150000 1.650000 -4.650000 0.450000 0.850000 4.250000 -4.950000 -4.750000 -3.450000 -4.450000 1.150000 -3.850000 -4.550000 -1.150000 2.950000 -0.450000 1.950000 -0.950000 1.850000 -1.450000 4.250000 -3.950000 4.050000
92 33.0562056219 17.1273569621 -0.550000 -1.450000 3.250000 -2.350000 -0.750000 -1.050000 1.750000 -2.450000 3.550000 1.350000 3.350000 -2.150000 -0.350000 0.750000 3.950000 3.150000 -2.250000 3.150000 4.450000 3.750000 1.950000 3.550000 -4.750000 -2.050000 -1.950000 -3.950000 -0.350000 -1.150000 -1.150000 4.550000 2.350000 -1.950000 -1.350000 -2.450000 -0.550000 -1.350000 1.350000 3.350000 1.750000 -1.050000
93 66.5572822117 17.1273569621 -1.250000 -3.750000 1.950000 -0.750000 1.150000 4.850000 -4.850000 -3.550000 -1.350000 -3.450000 3.450000 4.850000 -0.550000 0.650000 -2.450000 -1.950000 4.250000 -1.250000 -3.250000 4.350000 0.150000 2.050000 -3.250000 4.850000 4.050000 -4.850000 1.150000 2.550000 -4.550000 1.550000 -1.950000 3.250000 -3.250000 1.350000 0.250000 2.650000 -4.150000 -0.250000 3.150000 -2.150000
94 46.4104635694 17.1273569621 3.350000 3.150000 2.450000 0.950000 0.750000 2.750000 0.150000 4.250000 1.750000 3.950000 -1.950000 4.350000 -1.050000 -4.250000 -2.650000 -3.850000 -1.450000 -4.050000 4.550000 3.350000 1.150000 2.850000 -3.850000 0.550000 -1.250000 3.950000 0.950000 -0.650000 1.150000 -4.350000 -0.750000 2.650000 3.350000 -1.050000 -3.050000 1.250000 2.850000 1.350000 -1.750000 -0.850000
95 83.3028969530 17.1273569621 1.550000 2.850000 4.850000 3.350000 -4.650000 0.850000 -1.050000 -4.850000 4.750000 4.550000 1.550000 2.950000 1.350000 -1.250000 -1.450000 1.550000 4.450000 -0.250000 -4.050000 -1.950000 -2.950000 -0.950000 -2.150000 -2.350000 0.650000 4.550000 -4.650000 -3.850000 0.250000 2.150000 -4.250000 -2.950000 0.450000 -2.550000 2.350000 -2.850000 -3.250000 4.850000 -4.250000 4.950000
96 93.7023821913 17.1273569621 -0.850000 0.450000 -4.550000 -3.950000 4.650000 2.850000 -2.850000 -0.750000 4.250000 0.050000 -2.250000 -4.950000 0.750000 3.050000 0.950000 -4.850000 0.750000 4.650000 3.550000 0.450000 -4.550000 -2.650000 4.050000 1.650000 4.450000 0.650000 -3.650000 -0.150000 -0.350000 3.050000 0.350000 -0.250000 2.650000 2.050000 2.250000 -1.050000 0.650000 1.950000 1.450000 -3.950000
97 37.0073305645 17.1273569621 -2.650000 -0.350000 -0.150000 1.650000 -3.050000 2.450000 0.450000 4.350000 1.350000 3.050000 -2.350000 0.050000 4.050000 3.150000 -1.650000 -1.150000 -0.350000 -4.150000 -0.250000 1.450000 2.650000 -0.650000 0.650000 4.150000 -0.250000 -3.250000 3.350000 -1.050000 4.650000 2.550000 -2.850000 0.750000 4.150000 -4.850000 4.250000 -2.950000 -2.350000 -2.350000 4.150000 -0.750000
98 52.4403895772 17.1273569621 2.950000 -2.050000 -1.650000 3.850000 4.750000 -4.350000 0.350000 4.950000 4.950000 1.650000 4.050000 -2.450000 1.150000 3.450000 -3.350000 -3.150000 -4.150000 -4.250000 0.150000 4.550000 3.050000 -2.550000 -0.850000 0.850000 -4.550000 3.550000 -4.250000 4.050000 -2.450000 -0.150000 -0.850000 -0.950000 2.050000 3.950000 -2.850000 0.150000 -0.450000 2.050000 2.450000 -1.850000
99 147.8314568012 17.1273569621 -4.750000 -2.850000 -1.850000 3.450000 2.750000 -2.150000 -2.250000 -3.050000 3.850000 -0.050000 3.750000 -4.050000 -1.950000 -2.550000 2.050000 1.450000 -0.750000 4.750000 -3.650000 4.750000 0.050000 -2.750000 4.950000 -0.250000 3.950000 0.350000 0.150000 -0.250000 2.150000 4.950000 -1.450000 -0.150000 -1.250000 4.650000 4.450000 0.950000 -2.650000 -2.950000 -2.450000 3.150000
100 97.1444446113 17.1273569621 -4.150000 4.750000 3.150000 -1.550000 3.250000 4.650000 2.950000 3.050000 -2.650000 -2.250000 -0.150000 -1.350000 -3.150000 1.550000 2.750000 4.150000 -0.950000 1.250000 -0.650000 -0.750000 -4.350000 3.750000 -4.350000 0.250000 1.250000 2.750000 1.250000 -0.350000 -4.750000 -3.750000 -0.450000 3.550000 4.350000 0.650000 -0.150000 -0.450000 4.450000 1.650000 -1.350000 1.050000
101 88.2205951855 17.1273569621 -4.999520 1.739719 -1.291320 -3.002439 4.827972 -0.333586 -1.879287 -2.861886 2.528800 -4.097397 1.029426 3.015304 4.483689 3.769439 2.275409 4.424453 2.438303 4.222652 -0.911327 -4.157116 -2.559456 -0.065362 -0.164755 -1.146560 3.245572 -0.182251 -4.114707 1.431800 -1.535071 3.042908 1.435499 -1.979892 -1.307279 -4.728498 1.932897 -4.780932 -3.844249 -3.659890 -3.933660 -1.970741
102 190.6865796468 17.1273569621 -2.852434 3.289365 -4.522209 0.638395 4.635472 -1.909946 -3.248513 -4.181910 -0.605113 -4.810703 -0.790418 1.022916 -2.935308 -1.571265 -0.965090 3.760100 1.314174 -3.885396 -3.869854 -3.873209 0.637807 1.772083 0.792302 -2.621540 4.564794 -4.439048 -1.850005 -3.917023 0.995817 -0.300646 0.440561 0.248480 -4.571849 1.306759 -0.788028 0.076892 2.363031 -2.116589 -2.925085 -2.533866
103 273.8655674906 17.1273569621 -0.444772 -1.587097 3.271196 -4.616642 4.943004 -3.206642 -2.497059 4.302636 -0.833189 -4.051425 3.404859 -2.918616 -4.990117 -0.431367 -4.950682 4.421127 -4.903718 -4.238965 0.610408 -2.760011 -4.558444 1.146523 -4.264829 -4.526437 -4.234259 0.791569 1.109492 3.290542 -3.015232 -1.678714 4.256506 1.448401 -4.547238 -4.426358 -4.614192 -4.933236 -1.005213 2.178473 2.960248 -4.735709
104 108.2585635258 17.1273569621 -3.767309 -0.318100 -2.671007 4.333187 2.152864 -1.082768 -3.599744 1.518640 -0.930773 -4.451523 -0.557641 -4.305620 -4.257764 3.259806 4.194659 4.058528 -3.650533 -2.606271 -4.271786 1.983664 3.571943 1.744257 -2.560879 3.653106 2.355206 2.389058 -1.615731 1.620659 1.606981 -1.508730 -0.542462 4.671560 0.731862 -4.452357 -3.623862 -3.552832 0.897914 -3.237402 -2.947157 -2.206598
105 65.2080565668 17.1273569621 2.229671 -3.335788 2.708098 0.552461 -3.686698 -1.486808 -2.444615 0.405533 -1.803483 -0.490185 -4.904210 -1.811798 1.213849 -3.093832 0.419091 4.429999 1.381652 3.651717 -3.880562 0.793813 -3.837453 -1.219496 -0.156651 0.650746 2.797332 -0.970288 -1.716620 2.530323 -2.109926 -2.754292 0.262846 -1.459730 2.971999 3.034152 3.287255 1.772947 -0.809396 1.876311 2.450012 -3.588038
106 77.5797867022 17.1273569621 0.833758 -0.552216 2.477117 -0.942055 1.591582 2.873258 -4.178275 -3.253109 -0.611607 -4.234773 -4.428365 -1.086211 2.548637 1.749519 0.625196 3.957451 4.892701 4.860438 -0.904874 -1.533846 -4.553287 -0.811485 -4.069022 1.880551 -4.712247 -3.599801 4.838547 2.479854 4.622450 0.087074 4.961080 3.043033 3.442040 -1.331236 -2.993926 -0.045661 -2.925095 1.537115 1.070262 -4.508411
107 304.0530602252 17.1273569621 0.529270 4.118540 3.531284 3.711847 1.802151 0.635877 -4.939914 -0.069789 -0.519900 -2.736455 0.142206 -4.489616 -4.692032 -1.647229 1.376688 4.422341 2.215142 0.498116 2.557816 -1.564671 3.481703 -3.981749 -4.945101 -2.856944 -4.618470 4.967358 4.548153 0.810611 -1.299508 0.151674 1.916439 -4.094537 -3.482875 -2.190654 4.161849 -0.395860 -4.282663 2.278664 -3.642546 4.811638
108 651.0711453170 17.1273569621 -3.741761 4.991321 1.534533 3.068612 -0.697785 2.868332 2.062736 0.427843 -1.642869 -4.396708 4.029788 -4.984572 0.118058 -0.947620 2.073990 4.824879 -2.679678 0.278364 -1.308692 2.261616 -3.090621 3.413460 0.030894 -0.734723 -0.086406 4.371887 -0.025222 -2.183128 -0.891559 2.552060 4.760924 -4.738461 -4.636347 0.066288 -3.078988 4.982028 4.939794 -3.877949 -4.767112 -3.356010
109 43.5628460223 17.1273569621 -2.235972 -1.516429 -0.873799 -4.477345 -4.794574 -3.123759 -1.638120 -4.823644 2.696922 -3.950077 -3.283729 -4.427550 4.155701 -0.734339 -1.599686 4.862382 -0.649107 1.925457 4.768423 1.844280 -4.251650 -1.122853 3.839330 -0.664473 1.938410 2.768860 2.023439 0.342157 -1.576785 1.121996 -1.816330 1.031145 -4.365602 3.453948 4.795104 -0.745536 0.676132 -0.850755 -3.572477 2.962159
110 91.0171521772 17.1273569621 -4.058818 -1.241701 3.060336 -1.067910 1.659558 -0.694062 -2.277558 4.227746 -2.679366 -4.678008 -3.359386 -3.085981 2.150413 3.875948 -3.858988 4.185009 -4.977169 -2.908572 -4.135356 3.010221 3.187843 -2.177110 0.969316 4.260297 4.001353 0.814409 -2.850043 -2.898552 -1.312292 1.716495 1.535556 -3.121240 -4.676123 3.853363 -4.355454 4.265514 0.505068 -0.131943 3.282604 0.363568
111 57.9961725643 17.1273569621 0.064089 2.913524 -0.362398 -3.981358 0.693790 3.357463 -4.668975 -3.343071 3.274445 -1.931211 0.541218 -4.676951 -0.815229 -3.908521 3.849479 2.941955 -2.202881 -4.106335 0.687998 -1.406934 1.983691 -2.338945 -1.978196 1.369985 2.964048 -4.504152 3.486958 -4.726393 -1.404446 -2.121368 -1.049385 1.326633 -1.385837 -2.265672 2.160963 4.116792 1.395292 -3.341877 -4.178037 0.786375
112 259.5398361495 17.1273569621 0.082770 -0.918274 -0.915841 2.731187 1.500624 3.419555 3.655734 -1.678555 -1.122911 -1.165880 4.131705 2.385322 -2.012653 1.263552 -2.496781 3.255440 -4.417974 -0.574037 -0.854856 -3.206454 4.857312 -4.008463 4.429852 1.536713 0.550021 -2.678934 -2.353847 -1.062714 0.280991 1.687727 4.793352 -4.677914 -4.446686 -1.509236 4.631022 -4.372292 3.779829 -0.644832 -1.265555 -2.226030
113 385.2924169359 17.1273569621 2.572289 3.724812 -0.940465 -1.231421 3.231080 -4.165638 -3.616129 -4.155693 0.401461 -0.934480 -0.365471 3.118048 -1.845171 2.569417 -0.845445 4.966644 -2.112948 2.787934 -0.002295 4.795260 4.302997 0.610919 -2.182435 4.347563 -3.678239 2.748242 3.393154 -2.940269 3.218137 -1.714833 0.935880 -3.523423 -4.918737 -2.575415 -2.841287 -0.701446 4.338363 -0.353113 -3.339250 -4.299214
114 83.1213073916 17.1273569621 4.610148 -1.320447 -2.225515 4.469094 1.516022 1.895530 -4.049870 1.131620 1.902258 0.976619 1.826210 -0.352149 -2.789727 3.109031 -2.651399 4.373395 -3.277105 -0.694696 2.848800 3.026823 -1.752619 -2.448355 4.105735 -4.955818 -2.793472 -0.370816 -4.553019 3.396407 -4.507815 2.340794 -3.770447 -3.707620 -1.471738 -1.846906 2.429992 1.902903 -4.022344 0.466434 0.440763 -1.214723
115 74.8081925220 17.1273569621 -4.180159 -4.315949 1.839845 -3.148759 -3.464134 -3.840404 -2.843009 4.552511 0.808257 -3.627632 -0.482051 1.125089 -2.528779 -4.934857 1.860094 2.806849 -3.575739 -2.862999 1.580746 -0.110298 3.457824 1.392747 -0.316777 -2.599576 -2.617710 2.836494 4.832942 -0.876300 -2.391959 3.891199 2.337914 -4.736414 -3.452201 -1.678753 -2.804418 0.949045 3.013613 -1.792647 1.577293 0.208003
116 277.9937922564 17.1273569621 -3.982976 -1.723952 3.004183 -3.301171 -1.031968 1.015826 -0.153370 2.413067 3.798135 -0.903799 3.096874 -1.409770 2.311065 -0.097052 4.902873 3.287213 4.762647 4.428208 -4.652039 -0.840424 4.165843 3.509576 -0.177323 2.812779 2.761080 -4.320300 -1.978784 -0.543591 4.486773 -4.232752 4.597671 -4.835971 -3.747416 -4.986639 0.244030 0.858158 4.589752 -1.444348 -4.032462 -3.115112
117 171.0567916004 17.1273569621 2.665716 4.638789 2.642443 2.788704 -1.730075 -2.291603 -0.657479 -0.221189 0.174242 -1.457577 1.737830 -2.709304 -3.512221 -2.761279 -3.603074 3.507064 0.030005 -3.121091 -2.022277 4.965357 -1.013227 -1.697793 2.525297 3.695829 3.800504 -2.349964 3.725555 2.179647 -1.553883 3.979368 3.134194 -4.635232 -2.701853 -2.338144 -2.567400 -4.496013 -0.865725 0.905413 1.662028 -1.644941
118 134.5503885999 17.1273569621 -1.607264 -2.230263 1.471529 0.649638 1.155608 -2.872470 -1.137053 -1.696058 3.626950 -0.496773 -4.344036 -1.782668 -0.992804 2.887046 2.054179 3.684434 0.222561 3.743509 1.416481 4.806767 0.132480 -0.392206 -0.283618 0.849144 3.006579 -4.853415 -0.554082 -0.708698 2.900511 1.316434 3.950063 -4.049131 -2.569179 -2.234499 4.426191 3.073255 3.416606 -0.650680 -4.431090 -4.194131
119 167.8438020295 17.1273569621 3.983884 -3.847201 -3.538615 -2.404738 4.578697 -1.372419 1.065055 4.575719 -4.602979 -1.917175 4.676158 3.578550 0.910581 1.103400 -0.040361 4.122636 0.415750 -0.106083 -2.058266 -4.091175 3.635842 -2.781141 -2.317147 3.823094 2.473304 -3.436437 -0.590306 0.711878 2.023145 -3.778630 2.612617 -1.698577 -3.787637 4.347590 4.293567 -4.807837 -1.128702 -4.561151 -3.219937 -4.182995
120 134.3430036879 17.1273569621 2.405523 2.484944 -2.207204 -0.637646 2.447717 -2.978392 -3.396580 3.018193 0.870152 0.674829 -4.703154 -0.688115 -1.324034 1.370446 -4.547042 -2.717109 -2.774515 1.451475 -0.012597 -3.002888 -1.889326 3.916290 3.355840 2.698669 -4.217606 3.160597 -2.548869 0.784168 -0.659943 -2.943242 4.765563 -3.370669 -4.851658 3.985569 1.917619 -4.560151 2.995398 -0.288393 -3.245545 4.562037
121 63.2591593572 17.1273569621 4.758848 4.798481 -1.640283 -0.195695 1.361659 0.451077 -1.960532 0.649220 0.020646 -2.689120 2.495624 3.318837 -2.460510 3.192357 -1.211466 2.960691 -2.318903 0.258900 4.151992 -3.084523 3.937342 -1.761366 -0.806327 2.236568 1.708814 3.537859 0.420145 -3.840288 -3.158378 3.765356 3.757879 -4.415201 -2.626111 1.203279 -0.333109 -4.965610 0.954328 -0.966808 1.606625 0.761190
122 148.8878367379 17.1273569621 -3.672866 -0.440106 -0.364983 4.532008 -4.306518 -2.338875 4.706580 -3.636777 2.172036 -4.824438 3.558922 1.420335 -3.055336 1.832004 0.611947 4.989327 0.319458 2.500175 3.352710 -3.566083 -4.649261 -1.014787 0.346092 1.800042 4.610744 -2.754179 2.346401 0.912856 0.890138 3.640071 3.208377 -2.354674 -1.245818 4.331410 2.051177 0.613117 -3.637826 -0.932005 -3.241162 -4.729715
123 374.2192435014 17.1273569621 1.436838 4.836941 -0.381804 -1.791445 1.583065 -3.991594 -3.478221 -1.640294 -0.232895 -4.278177 -4.154559 0.244749 -4.870603 -3.308693 -1.300377 3.929853 2.769411 4.547306 1.639858 -2.976254 1.665653 4.155183 1.208553 -3.094740 -1.964576 -0.639256 -0.145337 -2.369556 4.229065 4.508997 -1.962291 -3.764966 -0.647464 -4.051126 0.005902 2.522606 4.353423 -1.767165 3.086807 -3.371778
124 152.0529326417 17.1273569621 -3.840557 1.370386 1.621345 3.355142 2.226148 0.097939 -4.966301 -0.902948 3.989355 -1.482723 1.889331 -4.116686 -0.878793 -1.796260 -1.493860 3.913699 -2.039421 2.611152 4.195587 2.315519 4.434143 1.436888 -3.234163 1.205342 -2.260933 -4.050261 2.936861 -3.548415 3.808567 2.043975 0.469073 -1.927328 -4.849026 1.332226 -3.876846 0.988620 -0.695863 -3.830766 -3.098459 -2.652604
125 97.3898086305 17.1273569621 3.577703 3.343148 3.505990 -1.798400 4.208483 3.039705 0.500738 3.515251 2.782832 -4.356583 -0.794071 3.500630 -0.019871 4.264405 3.769496 4.939221 -1.095634 1.069911 4.247605 2.895104 1.363586 -3.045604 -3.791127 0.384271 -4.286078 4.333555 -4.594451 -4.280158 3.724339 3.516201 4.757040 0.148181 -1.881888 -4.721781 3.499883 -4.846838 0.715837 -0.157638 1.851966 1.900758
126 64.9723215216 17.1273569621 3.298811 -3.880989 -4.337041 -0.678444 -0.802512 0.939128 3.860394 -0.101402 -4.590241 -4.363427 -2.931579 -3.849213 0.110443 -2.229059 0.919162 4.295126 3.027645 1.523221 1.010234 -3.798716 1.836779 0.976561 4.799850 -1.116679 1.432265 0.133834 2.540882 2.275052 -1.887014 1.937898 1.000449 0.137362 0.842226 -4.036945 -0.717894 -0.348040 3.628227 -2.501733 -2.393228 -4.714304
127 187.5787552121 17.1273569621 -4.025851 -3.000107 -3.593592 -0.321112 -2.118870 4.763243 -4.361937 0.313116 -4.622307 -3.734489 -3.862276 -3.344372 -3.895840 0.681405 -0.019014 3.745702 -3.105875 -0.656468 0.943729 1.809228 0.522846 3.226105 -2.881064 4.780679 -3.170728 -4.811358 2.141183 -2.323665 -0.350690 -0.877326 1.733643 -4.877253 -0.073340 4.782018 1.871850 -0.573978 -1.439642 -1.474709 4.539988 -1.610616
128 155.3744735911 17.1273569621 4.913816 1.265912 -2.322596 2.208001 -0.228782 0.550939 -1.060994 -3.405555 -3.852997 2.430759 -1.627052 -2.704886 -2.946424 0.020518 -3.802323 4.190276 4.010282 -3.837157 4.435579 -2.092025 -4.170362 -2.818041 1.093456 3.797512 -3.088280 -2.709228 -0.751725 3.454782 4.651879 4.272371 3.320932 -4.995172 -2.442081 2.732495 -4.762521 0.754704 2.409031 0.880681 2.095913 -0.062985
129 33.7241879528 17.1273569621 -0.343487 3.708224 1.096507 -4.715285 -4.341597 -4.769700 -3.395632 3.582310 4.998495 1.171154 0.149935 1.617528 -2.765837 -1.503426 -0.364932 4.807882 -1.088029 1.951440 4.897573 -0.293409 -1.432155 3.732671 -1.155753 3.791353 2.419828 0.866108 0.331845 -3.765862 2.919476 -4.289177 -2.103477 -3.421681 -2.588346 -0.974862 1.535668 -2.950250 3.697941 2.540437 4.346797 3.941841
130 172.7563141722 17.1273569621 3.790096 -3.835264 1.863721 -2.315152 -4.835412 -2.433758 -4.735259 0.504083 -3.556320 -4.787796 -4.819472 -0.371843 -1.596313 -1.878395 2.916678 1.890431 2.665789 1.349583 1.934806 1.944858 3.745614 -4.808955 -4.165523 -2.491554 1.660216 3.856637 -1.681444 -4.998180 -2.524087 -3.330475 2.100119 -4.018375 -2.267256 -4.567660 -1.671895 -4.649645 2.627026 4.520204 -0.234135 -3.331802
131 124.8332196345 17.1273569621 0.992694 1.352741 4.261500 -0.255795 4.762361 -1.792424 -4.824283 3.369656 4.134377 -4.326028 -0.273542 -3.062155 -0.526855 1.278664 -2.001852 3.934751 0.901509 2.842068 -1.746790 -4.172951 -2.911237 -0.801817 3.436468 1.616348 -4.109563 3.020032 1.491323 4.123121 -1.383536 4.297918 2.978781 -3.264835 0.279230 -4.458084 -4.719272 -2.772279 0.997296 0.287593 0.328569 4.359421
132 67.6230896796 17.1273569621 4.241195 2.274295 -2.049625 0.145082 0.572312 1.164301 -1.686590 0.758376 4.249676 -1.198598 1.827706 2.363108 2.722450 -3.644129 -4.428393 4.974136 3.654554 -4.895561 -1.960144 -1.139498 0.136828 -0.403070 -4.644484 -2.193966 1.851103 -0.628356 -1.609104 3.367063 2.763357 0.966187 4.480157 -3.396511 -0.272025 1.319300 -1.458905 3.287895 -2.183781 2.916674 -4.979751 2.488714
133 86.2739428893 17.1273569621 4.206566 0.653954 -2.707122 -3.787370 0.141667 2.449689 -3.574664 3.652281 4.805524 -4.418989 -4.621083 3.152935 -0.303293 -0.920647 -4.950825 1.402345 -2.494162 -1.280302 -1.969908 -0.846618 -1.449475 0.727019 0.453482 2.233041 -2.168855 -0.206111 -4.354646 4.471817 -4.686713 -1.566685 4.405594 -3.359232 3.248683 -3.843791 2.201652 1.124899 3.509369 2.693717 -2.759362 -4.408712
134 406.4021724379 17.1273569621 3.942836 -0.050447 2.463825 1.120675 -0.058117 3.336302 -3.436094 0.941175 3.838203 -3.132717 3.585909 4.573255 2.887758 -1.243284 -2.038364 3.632957 2.756963 2.432713 -4.207974 1.122589 -3.073190 -1.305423 1.424460 2.692259 -1.027947 4.179722 -0.716272 3.602882 4.900421 -0.021741 3.575403 -3.186965 -2.547429 -1.852159 -1.581152 -2.464796 4.859829 -3.232479 -0.696852 -4.781483
135 134.7416237401 17.1273569621 -1.414748 0.447450 -0.409010 -4.819517 -3.586678 4.683317 3.828438 1.725669 -3.473798 3.132270 2.918205 1.129713 -4.377664 2.077525 2.165798 4.225481 1.855710 -0.784748 4.056887 1.403166 0.861591 2.964944 4.487853 0.202309 -4.039538 -0.847086 0.787683 2.128203 0.184964 3.649768 3.766355 -3.987329 4.039456 1.846527 -4.558584 4.118654 4.536741 -0.153491 2.397169 -4.823167
136 375.1014225864 17.1273569621 -1.006727 4.973752 -3.073749 3.194971 -3.600670 1.165879 -4.351160 0.220963 -1.222755 -4.915483 2.530801 4.435647 3.889863 -3.608553 3.031230 0.588411 1.960411 -2.728285 -1.138708 2.350371 -4.346136 -4.742933 -0.518920 2.599032 -3.000487 0.450106 3.748670 1.459421 -2.524115 -2.813282 4.064941 -0.922042 -4.866344 0.142842 2.487390 -4.755020 -4.875499 1.373308 -1.938595 -4.178269
137 192.3776965002 17.1273569621 -4.499543 1.256395 -4.470401 -2.071665 1.617431 -0.104640 -3.538281 -3.676475 2.459786 -3.762176 -3.373360 -2.755197 -2.790943 0.518455 -2.186967 3.964265 2.117413 -3.514743 -4.577669 -3.343062 1.548040 3.529339 -2.101460 2.269009 -4.818159 1.320381 -1.033704 -2.202301 -1.099378 -3.814686 -1.714303 -3.943868 -1.287285 2.990941 -0.251998 -1.987036 1.871597 -0.866770 -1.972484 -4.731833
138 132.9905198464 17.1273569621 3.292235 4.663246 -2.229399 1.091214 -1.230442 -0.043458 2.847348 -0.445913 -3.016326 -3.660273 -3.928370 -4.743547 0.176986 2.002456 -1.763673 1.018435 3.798745 1.159038 -4.623636 -0.667384 3.914203 -4.366470 -1.578851 -2.195916 1.638919 -0.286852 3.130373 -2.348793 -4.634194 -0.789748 3.553538 -4.656499 -3.524151 1.489306 2.454835 2.998094 2.029960 4.283436 -3.222045 -4.953837
139 46.4335827742 17.1273569621 -4.510006 0.149883 4.709251 -2.640210 1.550778 0.228469 2.596800 0.051521 -3.641238 0.354017 -1.550242 2.428049 -4.807961 1.144089 1.956259 3.439783 -2.813402 3.664515 -3.834694 4.126442 1.992320 1.208098 -1.484145 -3.584168 -0.228522 4.476570 2.714355 1.528563 2.889701 3.282382 -3.236800 -3.305854 -1.243414 -1.192890 -2.326797 2.556379 -4.900272 2.504987 -3.274475 -3.900464
140 101.1860584336 17.1273569621 -1.800777 -1.448538 1.623168 -3.668616 -0.442343 0.298357 -3.872447 -3.320753 -3.108375 -2.344546 0.855105 1.082732 -1.175256 1.996044 0.226084 0.600204 0.893193 -0.720617 -4.842346 0.117834 -4.360331 -4.292168 -4.698426 -1.246576 -0.507651 2.953928 4.253013 0.707728 1.964579 4.145508 -3.464469 -1.445534 -4.813801 -3.308632 -3.902290 -1.292152 -3.687219 -2.631487 -3.588587 -4.640610
141 180.2277460294 17.1273569621 -1.356596 2.685437 2.720426 0.417860 -1.964255 -2.809669 -1.728439 3.904810 -0.530457 -4.999357 -1.872649 0.913058 -4.552566 1.467711 2.616205 3.505944 -0.129744 -3.170266 -3.211512 4.563730 0.889110 1.311448 -1.508307 0.488955 -3.141622 0.266467 0.104455 -0.969533 -2.781419 -4.008838 3.384041 1.349743 -2.741268 -0.414291 -1.143779 0.245953 4.165317 -4.950000 3.027220 -0.669270
142 113.9888099189 17.1273569621 4.859846 4.186805 -0.692359 -3.085561 4.435125 2.276196 1.374695 -4.485558 1.407338 -4.764954 -2.908540 0.580100 2.201412 1.753950 -3.246726 4.146192 1.864814 2.721456 4.997485 1.963984 -3.581998 -3.302647 -0.395343 2.393107 2.768089 4.073668 -0.727214 -3.355480 4.578827 4.969458 -2.475863 -3.264386 -0.660769 4.947607 2.297176 -4.159546 4.525884 -1.921287 3.990162 -3.979689
143 42.9559775086 17.1273569621 2.969724 2.752399 -4.492139 1.172303 -1.548703 -0.293064 1.211043 2.076163 -2.770631 -1.661069 4.057314 -0.234626 -1.643402 -4.566684 -2.700367 4.046572 -0.426555 1.755859 3.778698 -3.279822 -0.720424 -1.141780 -3.014915 1.502395 1.192816 -2.561931 -4.748589 3.586632 -4.780805 -2.098961 4.705752 -1.557075 -0.661544 -1.077717 2.190325 -3.885882 -4.261811 1.384444 0.972448 2.886193
144 95.5899294807 17.1273569621 -0.718705 1.747761 -4.427104 3.934335 -0.104319 -1.712506 -2.632569 1.022047 -2.889956 -4.400980 4.562128 -4.787016 3.542261 -2.751008 -4.694311 3.534363 -3.874648 3.707477 -2.019429 2.548861 2.783166 3.210749 -4.027683 3.875552 1.732023 -0.259778 4.772887 4.956923 -4.571998 -2.840768 2.027757 -2.008121 4.185790 4.828519 2.289996 -4.533867 -2.421203 4.528661 -3.462369 -4.342996
145 60.8860077726 17.1273569621 0.677033 1.003080 3.924238 0.098498 2.101276 -1.118425 4.824823 -1.903762 -1.919858 -4.735939 1.376344 3.235784 4.763865 -3.500013 4.669733 4.956544 -3.280344 -0.112174 -2.640871 -1.389417 -4.642572 -2.176737 -2.513431 3.666783 -0.479324 -2.847028 -4.496178 1.752241 0.400922 4.647322 -2.676178 -4.365780 -4.117364 -2.311029 -2.197769 -0.474806 -4.084295 -2.240576 -0.567386 -4.661310
146 84.8104955902 17.1273569621 -0.358877 -3.821908 1.713785 -1.421339 1.618518 3.682378 -3.353927 -2.697221 -3.981232 -4.354593 -2.067096 -3.334710 1.225483 -4.027158 -0.548692 4.080752 -3.975656 3.450123 -4.010272 -0.402602 -2.108038 -3.338481 -0.600582 1.276728 -2.257303 -4.521449 -4.049591 -1.151087 -3.633047 4.728912 3.545274 -1.080668 -1.513706 -0.486912 -0.383700 -1.631176 4.507752 1.168009 3.958945 -2.673692
147 50.0767715166 17.1273569621 -2.865311 -3.790558 2.282878 3.546014 -3.449737 -0.208107 -0.339708 -4.968001 -2.283662 0.275683 1.570924 3.889691 -2.147154 4.544293 0.675307 -2.437757 -2.227796 3.074055 2.442973 -4.819970 3.950188 -3.770679 -1.397346 -0.346481 -1.207992 -3.823421 -1.494900 3.129642 4.911149 4.418986 -4.996446 -4.790215 1.651823 1.847374 -1.889113 2.045872 4.847306 3.382579 3.390783 -4.662262
148 127.5909666336 17.1273569621 3.283250 1.074696 1.849573 -0.922669 4.863180 -2.525977 -4.921475 -3.056127 1.250103 0.107688 -2.768951 2.571458 -4.925500 -4.566982 -3.887201 4.698945 -0.499373 -1.494561 -0.238844 3.731337 -1.704740 0.070913 -0.331968 2.281218 -2.466919 -4.507793 4.768188 -0.237244 -0.294208 3.283228 -2.753418 -4.990981 -2.637633 4.228557 1.137919 2.674476 2.562765 -3.926753 -4.337573 -3.523903
149 115.4475587969 17.1273569621 3.070466 3.494825 -0.197246 1.467280 -0.879348 4.756211 -3.013110 -4.973617 -0.204118 -4.387825 2.034158 -3.575213 0.335309 4.157152 -0.033458 2.108490 -0.000083 -2.197956 1.525102 0.764187 3.975086 0.291985 -0.727840 2.969054 -1.599314 -2.248035 -0.616141 2.469955 -2.271433 -2.545815 3.901351 -4.403148 -0.801144 -1.548822 3.258070 3.352306 4.234935 -1.350835 4.558689 3.039989
150 132.5200394306 17.1273569621 1.781490 3.328740 0.489476 1.668447 -0.160159 -2.110862 0.461527 1.082789 3.674097 -4.705188 4.618339 -3.557318 -2.640921 2.206108 -4.735145 2.261932 0.202124 0.563177 3.426990 3.604540 -0.780823 -3.108567 3.064025 2.314065 -2.368842 -3.374587 0.537967 2.587508 1.985625 -0.089492 1.661072 -4.601944 1.854064 -3.220969 -1.023557 -0.169733 -2.038273 3.904105 -3.957336 -3.704101
