evaluations raw_y raw_y_best x0 x1 x2 x3 x4 x5 x6 x7 x8 x9 x10 x11 x12 x13 x14 x15 x16 x17 x18 x19 x20 x21 x22 x23 x24 x25 x26 x27 x28 x29 x30 x31 x32 x33 x34 x35 x36 x37 x38 x39
1 83.8119895836 83.8119895836 -4.350000 -0.450000 -0.750000 -2.450000 -2.450000 -1.550000 1.550000 1.250000 -1.250000 -2.950000 -0.350000 3.050000 4.150000 4.050000 -0.150000 -2.950000 -0.050000 -2.650000 -4.450000 -0.050000 3.550000 3.950000 0.150000 4.950000 2.250000 1.450000 -2.250000 -2.850000 2.250000 -1.850000 -1.050000 -1.650000 -4.650000 -0.750000 1.450000 -4.450000 -0.850000 -4.650000 2.650000 1.750000
2 69.9356041554 69.9356041554 -2.050000 3.050000 -0.350000 -1.350000 -0.150000 3.450000 3.850000 -0.250000 -2.350000 0.850000 -1.850000 -3.950000 1.750000 0.450000 -3.950000 -2.150000 4.550000 -2.350000 -0.950000 -1.150000 -3.750000 0.950000 1.950000 1.350000 0.350000 0.950000 2.550000 3.250000 -0.050000 -4.850000 -3.550000 3.650000 -4.750000 4.050000 2.450000 -3.350000 4.850000 -3.250000 -3.150000 -4.650000
3 87.8713964290 69.9356041554 -2.850000 2.950000 0.950000 -2.850000 2.350000 -0.250000 -1.550000 -4.950000 2.150000 0.150000 -2.550000 1.650000 -2.350000 -4.550000 -4.850000 -3.650000 -4.450000 -4.850000 4.750000 -0.450000 -3.550000 -1.150000 0.950000 -0.150000 -2.950000 -0.950000 1.050000 0.550000 -3.350000 -2.250000 2.150000 4.950000 -2.150000 -0.350000 1.550000 -2.650000 -3.050000 -3.550000 4.450000 -4.350000
4 118.4608625119 69.9356041554 -1.850000 3.750000 4.250000 -4.550000 1.650000 -1.350000 -1.350000 -1.650000 0.050000 -1.650000 0.950000 3.750000 -1.650000 -1.550000 0.050000 2.150000 -3.450000 3.850000 4.950000 -1.650000 3.250000 -4.950000 4.850000 -1.550000 2.150000 -1.050000 -0.250000 3.650000 4.550000 -2.350000 2.850000 -0.450000 0.650000 3.250000 -2.250000 -4.350000 0.250000 -0.350000 -3.650000 -1.150000
5 53.8100116282 53.8100116282 -4.850000 -4.250000 0.250000 -4.150000 -4.250000 -2.350000 -1.650000 3.650000 -0.350000 2.450000 0.750000 0.150000 1.650000 4.650000 -4.550000 2.550000 1.950000 -3.150000 -0.450000 -0.350000 -0.650000 -1.850000 1.650000 -1.950000 -3.250000 2.350000 0.750000 1.850000 3.050000 2.050000 1.250000 0.650000 4.250000 -0.850000 -4.150000 -0.550000 -2.850000 -3.150000 -2.250000 3.250000
6 89.3966703428 53.8100116282 1.150000 -0.250000 -3.150000 4.150000 -4.950000 4.550000 1.050000 -4.750000 -2.850000 1.850000 4.650000 -1.250000 0.450000 -4.050000 3.750000 -3.550000 -3.350000 1.850000 -0.750000 -3.550000 -4.750000 3.050000 2.750000 -2.950000 -3.150000 1.250000 0.650000 0.250000 2.650000 2.950000 2.750000 0.550000 1.850000 0.850000 -3.550000 -3.950000 -0.550000 4.750000 -2.950000 -0.450000
7 19.8667429192 19.8667429192 3.850000 2.150000 -4.650000 4.350000 0.950000 -1.650000 2.250000 -3.750000 -1.450000 4.650000 -0.050000 4.250000 -2.550000 4.350000 -3.550000 -3.250000 2.950000 -0.450000 3.150000 0.750000 2.850000 -3.450000 -4.950000 -0.850000 -1.850000 0.150000 4.150000 3.550000 0.150000 -1.050000 -3.350000 1.550000 -2.950000 -0.650000 4.150000 3.850000 -3.850000 -1.350000 -3.250000 1.650000
8 129.7727010567 19.8667429192 1.450000 -2.350000 0.350000 0.850000 -3.150000 1.650000 -3.750000 3.850000 3.450000 3.650000 4.950000 -1.650000 -0.450000 4.850000 -4.150000 -1.550000 -2.650000 4.850000 3.850000 2.150000 3.750000 -1.050000 3.150000 -3.050000 -3.050000 1.650000 -2.150000 -4.650000 -2.250000 -1.450000 -2.350000 -3.850000 -3.750000 -3.150000 2.550000 -1.950000 2.150000 -2.050000 3.450000 0.550000
9 40.4428718519 19.8667429192 -0.650000 -4.050000 -4.350000 4.750000 -1.350000 0.150000 4.950000 4.750000 4.550000 -0.250000 -4.250000 -4.450000 3.150000 -1.650000 -1.550000 -4.450000 -1.250000 -2.750000 2.750000 -3.950000 2.450000 2.450000 -0.050000 -4.550000 1.550000 -1.650000 4.350000 1.550000 -2.350000 4.050000 -4.750000 4.150000 1.750000 4.250000 -2.150000 -0.350000 3.850000 -0.050000 2.150000 2.150000
10 45.5626370698 19.8667429192 0.650000 -4.950000 3.850000 -1.950000 0.450000 -1.150000 -4.550000 -2.050000 -2.150000 3.150000 -1.350000 2.250000 -4.250000 -1.450000 4.550000 -2.050000 3.150000 -0.850000 -3.150000 -1.450000 -4.450000 4.150000 -1.750000 -1.650000 -2.550000 -1.550000 0.850000 0.050000 0.450000 2.250000 0.650000 0.150000 -4.950000 4.550000 -3.950000 3.550000 -1.050000 1.050000 -3.350000 1.350000
11 47.7832285615 19.8667429192 2.650000 2.550000 -2.950000 2.150000 1.250000 -1.850000 0.550000 1.350000 -0.750000 -3.550000 -4.050000 1.850000 2.250000 2.650000 -3.850000 1.950000 -1.050000 -1.450000 -4.850000 -2.850000 4.450000 -2.950000 1.850000 -3.450000 1.450000 -2.450000 3.650000 1.650000 -4.050000 -2.750000 -0.950000 -4.150000 -2.550000 -1.850000 -4.550000 1.450000 -2.750000 -3.750000 1.950000 -4.050000
12 35.2061444640 19.8667429192 -3.550000 1.950000 -4.750000 -4.450000 4.050000 -3.250000 -4.350000 3.250000 0.150000 -2.650000 -3.250000 3.350000 -0.650000 3.650000 2.250000 3.450000 -4.250000 -3.950000 -0.550000 2.050000 -1.350000 1.650000 1.350000 1.050000 2.550000 1.750000 -2.650000 -0.750000 -3.150000 -1.750000 -4.450000 -2.150000 -4.150000 3.750000 -1.350000 -4.950000 -2.250000 -1.550000 -2.750000 4.850000
13 45.2289659845 19.8667429192 3.450000 -0.850000 0.150000 3.650000 1.050000 0.250000 4.250000 -2.850000 1.450000 -4.650000 -2.150000 0.850000 1.450000 -0.750000 4.850000 4.850000 -3.850000 -1.650000 -4.950000 -4.850000 2.050000 -3.150000 -1.250000 -0.050000 3.750000 -0.650000 3.750000 -4.350000 -1.350000 0.850000 -3.950000 -4.650000 -0.650000 -2.150000 -1.550000 -1.650000 0.050000 -3.650000 1.850000 -2.450000
14 76.5588369159 19.8667429192 0.150000 -1.950000 2.950000 2.050000 1.450000 3.350000 -3.650000 -4.150000 2.550000 -4.550000 1.650000 2.050000 -1.850000 3.850000 -4.350000 -2.450000 -3.050000 1.950000 -0.150000 -4.050000 2.350000 1.350000 -0.550000 3.850000 4.950000 4.950000 -1.150000 2.650000 -0.450000 0.950000 -1.550000 -3.550000 4.650000 -1.950000 3.450000 -1.750000 4.750000 2.950000 -1.550000 -0.950000
15 174.5925275280 19.8667429192 -0.050000 0.850000 -4.850000 0.650000 3.550000 3.950000 -3.850000 -2.250000 1.550000 -4.450000 -4.150000 -0.650000 2.150000 -4.850000 1.050000 1.750000 1.250000 -2.950000 0.950000 -1.750000 -3.450000 0.150000 -0.350000 -4.450000 3.550000 -1.350000 2.350000 2.450000 4.150000 0.650000 -2.150000 -3.650000 -4.250000 -3.650000 2.650000 3.050000 0.350000 0.050000 -3.450000 -3.850000
16 54.8257689771 19.8667429192 3.950000 -4.450000 2.850000 2.650000 -4.550000 1.450000 0.850000 -0.150000 4.050000 -1.150000 1.850000 -0.250000 2.050000 -0.550000 3.650000 -0.450000 2.150000 2.450000 0.050000 -1.850000 0.350000 -0.050000 -1.550000 4.050000 -3.850000 4.250000 -2.850000 -3.550000 0.550000 -1.950000 2.450000 -1.250000 4.750000 -2.650000 -4.250000 0.350000 -1.350000 -4.850000 0.850000 4.750000
17 32.7591798906 19.8667429192 3.250000 -3.650000 -1.150000 -0.950000 -2.250000 4.350000 2.350000 2.550000 2.450000 3.250000 1.350000 -2.950000 -1.250000 1.450000 0.350000 -4.550000 -1.150000 1.650000 4.250000 -0.850000 0.250000 0.450000 1.050000 0.050000 0.950000 1.950000 2.850000 -2.450000 0.850000 2.650000 3.650000 4.550000 -0.550000 1.050000 -0.350000 2.150000 3.050000 -3.050000 3.050000 -4.950000
18 48.1889236546 19.8667429192 -0.950000 -2.250000 4.150000 -1.750000 -0.550000 0.750000 3.550000 -3.150000 -3.750000 2.750000 -3.050000 4.450000 2.950000 -1.150000 4.650000 -0.150000 2.250000 -3.650000 -2.050000 3.650000 3.950000 -1.650000 1.250000 4.750000 4.650000 -0.350000 4.750000 1.450000 -3.050000 -3.950000 3.850000 1.750000 1.250000 -4.650000 -0.050000 -4.150000 -1.950000 -4.250000 -4.450000 3.850000
19 126.8949551774 19.8667429192 1.250000 -1.150000 3.450000 3.050000 -3.750000 0.650000 3.950000 -1.950000 -2.950000 -1.450000 4.750000 2.350000 -3.950000 0.050000 -2.850000 3.550000 -4.750000 4.950000 -4.350000 -2.950000 -0.050000 -0.750000 1.550000 2.550000 0.450000 -0.450000 0.250000 -0.950000 -3.550000 -2.650000 -2.950000 -2.550000 2.450000 -0.950000 4.950000 0.850000 2.750000 3.650000 2.250000 3.450000
20 56.3841869010 19.8667429192 4.450000 -3.950000 3.550000 1.750000 -0.250000 -1.250000 4.350000 0.450000 4.650000 -2.850000 -2.450000 3.650000 -4.350000 0.850000 -1.750000 -0.950000 2.750000 2.150000 2.150000 1.150000 2.150000 3.650000 -1.850000 -0.550000 -2.350000 -0.550000 -2.450000 2.150000 -2.750000 3.550000 4.850000 -1.750000 -1.550000 -2.850000 -3.250000 -4.750000 4.350000 -0.150000 -4.050000 -0.350000
21 38.6767177217 19.8667429192 1.350000 2.350000 -2.850000 1.050000 -4.450000 -0.350000 4.150000 -1.050000 -0.650000 0.250000 0.150000 -0.950000 -0.750000 1.950000 -3.650000 -3.350000 3.550000 -4.750000 2.850000 -3.150000 2.550000 -0.550000 -2.450000 -4.150000 -0.450000 -4.950000 4.450000 -1.750000 1.050000 -4.050000 -0.550000 2.350000 -4.350000 2.150000 -2.650000 0.450000 -0.050000 -1.750000 1.350000 -2.550000
22 33.5987363016 19.8667429192 -1.750000 3.650000 2.150000 -3.050000 0.850000 1.750000 -1.950000 0.150000 3.750000 3.750000 4.850000 1.450000 2.650000 -1.950000 -0.950000 -2.550000 3.750000 0.750000 0.450000 0.650000 1.350000 3.250000 -2.750000 -4.250000 0.550000 -2.850000 0.550000 -4.250000 -1.550000 -1.350000 0.050000 1.950000 4.950000 2.750000 -1.250000 -4.850000 4.050000 -0.750000 -0.750000 3.050000
23 70.2676217655 19.8667429192 0.550000 1.250000 -2.650000 1.550000 -3.650000 -4.950000 -1.450000 -2.150000 -4.750000 2.850000 1.950000 -1.550000 -0.850000 3.950000 -1.250000 -3.750000 2.050000 -0.350000 -4.650000 -1.550000 -0.450000 4.650000 2.850000 1.950000 0.250000 -3.850000 1.950000 4.450000 0.650000 2.850000 4.150000 1.150000 0.150000 -4.250000 -3.650000 0.650000 3.950000 2.450000 0.250000 2.850000
24 57.3028810419 19.8667429192 -4.950000 0.750000 -0.050000 -1.850000 2.950000 4.750000 -1.750000 4.050000 0.750000 4.150000 -0.550000 -0.350000 0.550000 -0.250000 1.450000 4.050000 1.750000 -1.950000 0.550000 0.150000 -4.150000 -3.050000 4.650000 3.250000 1.050000 1.050000 -1.650000 1.050000 -4.850000 1.850000 -3.850000 0.450000 -4.550000 0.450000 -1.750000 4.550000 3.150000 -4.550000 -1.850000 -4.750000
25 33.6473443729 19.8667429192 -3.250000 -0.550000 3.750000 -4.050000 3.650000 -2.850000 -0.650000 -1.850000 1.050000 1.450000 -3.150000 -4.150000 3.450000 -3.150000 -2.950000 0.750000 1.850000 -0.050000 -3.850000 4.950000 4.150000 0.750000 2.650000 1.550000 -2.850000 -2.350000 3.550000 4.150000 -4.950000 1.750000 -3.450000 1.450000 2.150000 -3.250000 -4.850000 -3.650000 -2.050000 1.250000 -1.450000 -1.750000
26 87.9633250926 19.8667429192 -3.950000 -4.150000 -1.450000 4.250000 -2.950000 -2.650000 2.450000 3.150000 -2.750000 4.050000 -1.150000 -1.450000 -4.550000 0.950000 3.050000 -4.950000 -0.450000 4.550000 0.850000 -4.150000 -0.550000 -2.250000 -3.350000 4.450000 -3.350000 4.450000 -1.750000 -4.850000 3.650000 0.050000 0.950000 3.950000 2.550000 -4.750000 2.850000 4.050000 1.650000 2.750000 4.850000 -0.650000
27 49.9712683221 19.8667429192 2.250000 4.850000 -1.350000 2.950000 -2.050000 -1.450000 0.750000 -2.650000 2.050000 -4.850000 2.650000 -2.650000 3.850000 -0.050000 -2.550000 1.650000 -3.750000 -2.450000 3.050000 0.850000 -0.950000 -1.950000 -0.750000 0.450000 2.750000 1.150000 -0.450000 3.150000 2.750000 1.450000 -0.150000 -2.850000 3.550000 0.750000 -3.750000 -2.350000 2.350000 -3.450000 -3.550000 4.150000
28 47.2395413024 19.8667429192 -1.050000 -4.650000 0.450000 -1.050000 2.150000 -0.850000 4.650000 -1.550000 0.950000 -4.250000 1.150000 2.150000 0.950000 2.050000 0.250000 2.450000 -4.650000 -4.550000 -4.150000 0.950000 0.950000 -3.650000 -4.650000 2.650000 3.050000 3.250000 -1.350000 2.350000 2.050000 -2.050000 0.750000 -3.150000 0.350000 -4.350000 -0.450000 3.450000 -0.750000 3.550000 3.950000 3.550000
29 84.3073345709 19.8667429192 4.150000 -2.950000 3.050000 0.150000 4.950000 -4.050000 2.650000 -2.950000 2.850000 1.950000 4.450000 -0.450000 0.650000 4.250000 -1.350000 4.550000 -0.650000 4.150000 2.350000 -2.350000 4.950000 -4.850000 3.450000 -0.750000 -2.250000 4.850000 -3.950000 0.450000 -0.550000 -4.250000 3.750000 -1.550000 -0.350000 2.850000 3.750000 1.650000 -3.750000 4.350000 0.450000 1.850000
30 90.1316850604 19.8667429192 -3.450000 2.750000 -3.650000 -3.450000 3.450000 4.050000 -3.550000 2.050000 -3.550000 -2.350000 3.050000 4.650000 3.950000 -3.250000 -1.950000 1.350000 1.550000 4.350000 0.650000 -4.250000 4.550000 4.250000 -4.250000 -3.650000 -2.150000 -3.550000 2.650000 -1.250000 -0.150000 2.350000 1.450000 -1.850000 -1.750000 -3.550000 3.150000 2.250000 0.450000 -1.950000 -0.050000 1.450000
31 115.9818650675 19.8667429192 -1.950000 -3.050000 0.750000 -4.650000 2.550000 -0.450000 4.750000 1.150000 -0.450000 -1.750000 3.950000 -2.350000 -2.250000 1.150000 -1.850000 4.950000 2.850000 -3.350000 -1.450000 2.850000 -3.950000 -3.850000 -2.950000 -3.350000 -2.050000 -2.250000 2.050000 -3.050000 -1.750000 -0.350000 4.450000 3.050000 -2.250000 -2.950000 -2.350000 4.750000 -4.950000 1.150000 -4.650000 2.250000
32 58.1323798258 19.8667429192 2.850000 -3.350000 2.250000 -2.550000 0.150000 -2.050000 0.950000 4.650000 -0.150000 -1.950000 -4.950000 0.550000 1.850000 1.350000 -2.350000 1.850000 4.850000 3.350000 -1.850000 4.450000 -2.750000 4.950000 0.350000 -0.950000 3.450000 2.650000 3.950000 -3.150000 4.450000 3.150000 -4.050000 2.050000 -2.450000 -3.450000 -3.450000 2.750000 4.550000 -1.050000 4.550000 -2.250000
33 75.4777903400 19.8667429192 -2.750000 4.050000 -4.050000 -3.150000 -0.850000 1.550000 -2.750000 -1.250000 2.650000 -4.350000 -2.650000 1.950000 1.950000 3.350000 3.850000 -4.350000 0.350000 -4.450000 -1.250000 0.550000 3.150000 -4.150000 2.950000 0.650000 4.250000 -2.650000 -1.550000 -2.650000 3.350000 0.550000 -4.550000 0.350000 -1.950000 3.850000 1.850000 -4.050000 2.450000 -2.650000 -3.050000 -1.250000
34 38.2894177790 19.8667429192 -1.550000 -3.850000 -2.250000 2.450000 -3.450000 -3.450000 4.550000 -3.850000 1.250000 4.850000 -0.250000 2.750000 3.750000 -0.150000 -4.650000 2.250000 -0.850000 0.850000 -2.150000 1.850000 -3.250000 -0.850000 3.050000 0.350000 4.150000 3.350000 -3.350000 2.250000 -2.850000 -2.850000 3.450000 -2.250000 1.550000 -2.350000 -3.850000 -0.150000 1.250000 -3.850000 -4.550000 2.750000
35 47.8665275329 19.8667429192 2.350000 0.550000 -0.650000 1.950000 -2.150000 3.750000 1.450000 -4.450000 -1.650000 1.250000 0.050000 0.450000 -3.450000 -3.350000 0.850000 -3.450000 3.650000 0.550000 -0.050000 -2.650000 4.050000 -4.050000 -3.550000 -3.550000 3.350000 3.450000 -1.850000 0.950000 4.950000 4.750000 2.650000 4.650000 -0.050000 1.550000 3.650000 2.550000 -4.350000 -2.750000 -1.150000 -0.550000
36 31.8206754303 19.8667429192 0.750000 3.550000 2.650000 1.250000 -1.150000 2.950000 -2.450000 4.450000 -1.550000 4.250000 -3.750000 0.250000 4.850000 -3.050000 1.950000 -3.050000 3.450000 -1.350000 -3.750000 2.450000 -0.250000 -4.550000 -1.950000 4.550000 -0.950000 -3.350000 -4.950000 -3.250000 -3.750000 -3.150000 -1.250000 -0.650000 -3.150000 -1.250000 -1.650000 4.450000 -3.450000 0.650000 3.850000 -1.550000
37 32.6265237312 19.8667429192 -2.250000 -4.550000 0.850000 -4.350000 3.750000 2.050000 1.250000 -0.550000 4.350000 0.350000 3.550000 2.550000 2.450000 -3.550000 0.550000 -2.250000 -0.250000 -4.350000 0.250000 1.650000 -2.150000 -3.950000 -0.650000 -3.750000 -0.350000 -0.750000 2.250000 -0.550000 -1.250000 1.950000 4.750000 2.250000 3.050000 0.150000 -4.350000 0.550000 -1.150000 3.450000 -0.850000 3.750000
38 34.3807368981 19.8667429192 -1.350000 4.950000 -0.550000 -0.350000 0.350000 -0.050000 -1.850000 0.650000 4.450000 2.650000 -1.550000 1.150000 4.550000 -4.450000 3.350000 -2.850000 0.950000 2.550000 1.850000 0.350000 -4.850000 -3.350000 1.150000 3.950000 -1.350000 -1.250000 4.250000 -4.050000 0.050000 1.350000 -3.150000 1.250000 1.650000 4.850000 3.050000 1.550000 -4.850000 0.950000 1.050000 -2.350000
39 180.6109366302 19.8667429192 3.650000 1.150000 -1.250000 4.050000 -3.350000 1.950000 -0.950000 -4.250000 2.250000 -3.650000 2.350000 1.250000 -4.050000 -3.650000 -0.350000 2.850000 -2.550000 3.950000 0.750000 -1.050000 -1.550000 -1.250000 3.850000 3.550000 -4.450000 -4.550000 -0.850000 -0.850000 -0.650000 -3.250000 1.050000 2.150000 3.450000 0.250000 -4.650000 3.750000 2.950000 3.850000 0.050000 0.950000
40 96.8356289643 19.8667429192 0.450000 -4.750000 -4.950000 4.950000 4.250000 -4.450000 -0.050000 3.350000 2.750000 -3.050000 1.750000 -0.750000 -3.350000 -1.750000 -3.450000 -1.750000 2.350000 -0.550000 -1.750000 1.950000 -0.350000 2.650000 1.750000 1.450000 -4.250000 -2.750000 -3.250000 -2.350000 3.850000 4.650000 -4.350000 -4.550000 -2.850000 -4.150000 -0.650000 -3.850000 3.450000 -1.850000 -2.050000 4.250000
41 45.4836392743 19.8667429192 -2.950000 -1.550000 1.650000 2.850000 0.050000 -3.050000 -0.750000 1.850000 -2.050000 -2.150000 -3.350000 -4.250000 -1.550000 3.750000 -4.750000 3.850000 -2.750000 1.350000 -2.450000 -0.950000 -1.850000 1.750000 -3.950000 -3.950000 1.950000 1.350000 1.550000 -3.450000 -4.450000 4.350000 2.950000 -3.450000 -3.850000 3.350000 -1.450000 -3.050000 1.950000 0.750000 4.350000 2.450000
42 113.8750034437 19.8667429192 2.750000 -0.050000 -3.950000 -0.850000 -1.750000 -3.850000 -3.050000 0.550000 -3.850000 0.950000 2.750000 3.950000 3.550000 1.650000 2.350000 -4.250000 -2.950000 -3.250000 -0.350000 2.350000 2.250000 -2.050000 3.350000 -4.850000 0.750000 -0.050000 -4.350000 0.850000 3.750000 4.250000 -3.750000 -3.050000 0.950000 2.650000 4.850000 -3.750000 0.150000 -0.550000 4.650000 3.650000
43 170.4804325520 19.8667429192 -4.650000 -4.350000 -3.250000 -1.150000 4.350000 0.350000 2.150000 2.450000 4.850000 1.050000 1.250000 3.250000 -2.050000 1.250000 0.750000 2.350000 -3.250000 1.450000 2.250000 1.050000 -1.450000 -4.350000 -0.950000 -1.250000 -2.750000 -4.250000 -0.650000 -2.150000 1.350000 0.150000 4.250000 -4.250000 1.150000 -1.550000 3.850000 -2.550000 0.850000 -2.250000 -0.150000 -3.150000
44 110.3221126288 19.8667429192 1.050000 3.950000 4.050000 -2.650000 -2.650000 4.250000 1.950000 -3.950000 -3.250000 -2.750000 3.650000 2.450000 2.750000 -3.950000 -4.450000 -0.350000 -1.650000 -2.150000 1.550000 2.550000 -4.950000 0.650000 3.550000 -2.250000 -4.350000 2.250000 -4.850000 2.750000 1.250000 -0.250000 -4.650000 -2.650000 -0.950000 4.750000 3.950000 -1.150000 1.750000 -4.150000 -0.550000 1.250000
45 71.5919278403 19.8667429192 -2.450000 -1.650000 -2.050000 2.250000 0.250000 0.050000 2.550000 2.850000 2.350000 -0.450000 3.250000 -4.750000 -2.950000 -2.250000 3.250000 -1.850000 0.650000 -2.250000 1.050000 3.850000 -2.650000 1.250000 -4.050000 -3.250000 -4.850000 2.550000 -3.850000 2.050000 -0.950000 -3.350000 2.050000 -0.050000 0.050000 -1.450000 0.150000 -4.550000 2.050000 -4.050000 -0.250000 4.650000
46 28.1793156611 19.8667429192 0.250000 0.250000 -2.150000 0.350000 3.850000 1.250000 1.150000 -1.750000 0.850000 -0.350000 -0.850000 3.450000 4.450000 0.250000 3.450000 3.250000 0.150000 4.250000 -3.450000 -3.750000 0.750000 -2.450000 -3.050000 -2.150000 4.750000 -0.850000 -2.050000 -3.950000 3.250000 1.050000 4.950000 2.550000 -1.450000 0.050000 1.950000 -1.450000 0.550000 3.950000 -0.650000 -1.950000
47 100.8080300651 19.8667429192 -3.850000 2.050000 -3.850000 2.550000 -1.450000 3.150000 -3.350000 -1.150000 -3.350000 3.350000 2.050000 -3.850000 -3.750000 -2.950000 -3.050000 -1.250000 1.650000 2.650000 0.350000 -3.450000 -0.850000 -3.750000 -2.650000 -1.050000 -3.950000 -3.750000 3.250000 -2.550000 -0.850000 -0.450000 -2.550000 3.150000 -2.750000 1.250000 1.650000 1.750000 2.550000 1.450000 3.550000 -3.550000
48 36.3100126283 19.8667429192 -3.350000 -2.650000 -1.050000 -2.050000 -4.750000 3.050000 4.850000 0.250000 3.350000 -2.550000 -3.550000 1.050000 -0.250000 -2.850000 2.950000 4.450000 -1.850000 3.650000 1.250000 -3.350000 -4.650000 4.050000 -3.750000 -2.450000 -1.450000 -3.150000 -0.750000 0.350000 -3.950000 0.250000 -2.050000 4.250000 -1.050000 -3.050000 0.450000 2.350000 -1.850000 0.450000 0.950000 4.550000
49 66.7974995911 19.8667429192 3.750000 0.050000 1.550000 -4.250000 3.050000 -2.550000 -1.150000 -2.550000 3.050000 0.450000 -3.950000 3.150000 -3.850000 -1.350000 -3.150000 -1.350000 -4.050000 3.050000 -1.550000 2.250000 0.550000 -0.350000 3.250000 1.750000 -3.450000 -0.250000 2.150000 1.250000 3.550000 -3.050000 1.350000 -2.050000 -3.450000 -4.450000 -4.950000 4.150000 -4.450000 3.050000 1.250000 -3.450000
50 48.9987646398 19.8667429192 3.550000 -2.550000 2.050000 -0.050000 3.150000 1.050000 -4.250000 2.350000 -2.450000 -0.550000 0.850000 -1.850000 -3.650000 2.450000 4.950000 -0.650000 4.650000 2.950000 3.350000 2.650000 -2.450000 3.350000 -4.150000 2.450000 -1.650000 2.950000 -4.550000 4.550000 -1.650000 2.450000 -2.750000 -0.350000 3.950000 -1.350000 1.150000 1.350000 -3.550000 -2.550000 -4.350000 -2.950000
51 17.1273569621 17.1273569621 -0.250000 1.750000 -1.750000 -4.750000 1.950000 0.450000 4.050000 -4.550000 1.150000 -1.350000 -2.850000 2.850000 2.350000 -0.450000 1.550000 4.650000 0.550000 -2.050000 -1.350000 -4.450000 2.750000 4.750000 0.850000 -1.750000 4.350000 0.250000 1.850000 1.750000 -4.250000 2.750000 -1.350000 4.450000 -3.650000 -3.350000 -1.950000 -1.550000 -2.450000 1.750000 0.350000 1.950000
52 117.3858580543 17.1273569621 -3.650000 3.250000 -4.150000 0.250000 -1.850000 0.550000 -3.150000 -4.350000 -4.550000 3.450000 2.850000 -1.950000 3.650000 -2.650000 1.250000 -4.750000 2.550000 -3.450000 -2.950000 3.950000 -3.050000 -3.250000 4.350000 -2.750000 -1.050000 -4.150000 0.050000 -1.550000 2.350000 -0.550000 0.550000 -0.550000 2.750000 2.350000 -0.850000 3.150000 4.650000 2.550000 2.550000 0.150000
53 64.1524812160 17.1273569621 -2.550000 4.350000 -0.950000 3.550000 2.250000 2.350000 0.050000 0.350000 1.650000 4.450000 -3.850000 4.950000 -0.150000 -2.350000 -2.750000 -4.150000 1.450000 -3.050000 3.250000 -2.450000 4.850000 -0.150000 2.250000 -2.650000 -0.750000 -4.650000 4.550000 -4.550000 -1.950000 -4.450000 -2.450000 -3.350000 1.450000 4.150000 0.050000 -2.050000 -1.750000 -2.450000 0.550000 0.850000
54 58.4283190421 17.1273569621 1.950000 -0.950000 4.750000 -3.350000 -0.950000 -4.850000 0.650000 -0.350000 -0.550000 4.750000 -4.450000 -4.550000 2.550000 4.750000 -0.850000 3.050000 -2.350000 0.950000 -2.850000 3.250000 1.650000 2.950000 -2.050000 -1.350000 -0.550000 -1.850000 -2.750000 -3.350000 2.550000 4.150000 1.550000 2.850000 3.150000 -1.650000 -3.350000 -0.750000 -4.050000 -1.150000 1.550000 -4.850000
55 91.6510782876 17.1273569621 2.550000 -4.850000 3.950000 -0.450000 -4.850000 -1.750000 -1.250000 0.750000 -4.850000 0.750000 -2.750000 -3.350000 -1.150000 -3.450000 1.850000 0.650000 4.950000 -4.650000 -1.050000 4.250000 -2.850000 -0.250000 -0.450000 2.350000 0.850000 3.750000 -3.050000 4.850000 3.450000 -3.450000 3.950000 -2.750000 -0.250000 -2.750000 2.150000 4.850000 3.350000 -1.450000 1.150000 0.250000
56 110.7652819178 17.1273569621 4.350000 -0.650000 1.350000 4.450000 0.650000 -3.650000 -2.150000 -1.450000 -1.850000 -1.850000 1.050000 -2.050000 -4.850000 -2.450000 -3.750000 -4.650000 -3.150000 -3.750000 1.450000 -0.150000 -0.750000 -2.150000 -4.550000 1.150000 0.150000 -1.750000 2.750000 -4.150000 2.450000 3.350000 4.350000 -1.150000 0.750000 2.450000 -2.950000 4.350000 -1.250000 3.250000 4.050000 -1.350000
57 185.3108610186 17.1273569621 3.150000 3.450000 3.350000 -2.150000 1.850000 -3.350000 -3.250000 -4.650000 -4.350000 -0.950000 2.450000 1.350000 -2.750000 -4.750000 3.550000 4.750000 0.450000 -0.150000 2.550000 4.850000 -3.150000 2.750000 -1.450000 3.350000 0.050000 3.850000 0.350000 -1.450000 -4.350000 -3.850000 -4.150000 -3.750000 1.950000 -0.250000 -2.450000 -3.550000 3.750000 0.150000 3.650000 2.950000
58 43.9083553889 17.1273569621 -1.450000 1.050000 1.250000 -0.650000 -0.450000 -2.450000 -3.450000 2.250000 -0.950000 -0.150000 -4.650000 4.750000 -2.650000 4.450000 4.150000 0.850000 -1.550000 0.050000 4.350000 3.450000 1.450000 -4.650000 3.650000 2.850000 3.250000 -2.950000 -3.150000 2.950000 -0.250000 3.450000 -0.050000 2.450000 -1.650000 0.950000 1.350000 -3.250000 2.650000 -0.650000 4.950000 3.950000
59 38.6172886480 17.1273569621 4.650000 0.950000 1.850000 0.450000 -0.350000 3.650000 1.650000 -3.250000 -0.250000 -3.950000 -1.650000 -3.250000 -0.950000 -0.850000 -0.750000 2.950000 3.850000 3.250000 -3.550000 1.750000 2.950000 2.250000 -1.650000 4.350000 -0.150000 -2.550000 -0.150000 4.650000 -0.750000 -1.150000 3.250000 -1.350000 2.850000 -0.150000 0.350000 -4.250000 -2.150000 4.650000 -2.350000 2.050000
60 50.7780523255 17.1273569621 0.050000 -1.350000 -2.450000 0.750000 -2.850000 2.250000 -4.150000 0.950000 -0.050000 -0.650000 -4.850000 0.650000 -1.750000 0.550000 -2.050000 -0.250000 -4.950000 3.750000 -2.350000 -3.650000 -3.850000 4.350000 -2.550000 -2.550000 -3.650000 0.450000 0.450000 -4.450000 -3.650000 -4.150000 -4.950000 -4.750000 -3.950000 3.050000 -4.750000 -0.050000 1.450000 -4.350000 -4.750000 2.550000
61 39.6430748222 17.1273569621 0.850000 4.550000 -1.950000 2.750000 -0.050000 -4.650000 -4.750000 1.950000 -2.550000 -4.750000 -4.750000 0.750000 1.550000 0.350000 1.750000 3.350000 2.650000 4.450000 4.850000 -0.650000 4.750000 1.950000 2.450000 2.050000 2.950000 2.150000 -2.350000 -4.750000 1.650000 -2.550000 -2.250000 0.250000 -2.050000 1.850000 4.550000 -2.250000 -4.750000 0.250000 2.050000 -4.250000
62 241.6252725749 17.1273569621 -4.550000 -3.150000 0.550000 3.950000 -2.550000 -0.150000 -0.550000 -3.450000 -4.950000 -3.150000 -4.350000 -3.750000 0.150000 -3.750000 1.650000 0.150000 -0.150000 -2.550000 -2.250000 4.150000 -4.050000 3.450000 1.450000 1.250000 -0.050000 -1.950000 -1.450000 -2.250000 0.950000 -0.950000 3.150000 -2.450000 -1.150000 1.150000 -0.750000 2.950000 -3.350000 -3.950000 -0.950000 -4.150000
63 93.4131330087 17.1273569621 4.950000 -2.750000 1.750000 4.850000 -1.650000 2.550000 4.450000 3.750000 -3.650000 0.650000 0.650000 4.550000 -4.950000 2.250000 -2.250000 1.050000 4.150000 -0.750000 -1.650000 -3.850000 -1.950000 0.550000 -0.250000 -4.650000 -4.050000 3.650000 -1.250000 3.050000 3.150000 3.950000 -2.650000 -4.950000 3.650000 -4.950000 2.050000 -0.650000 -1.650000 -0.950000 2.750000 0.350000
64 127.5809281110 17.1273569621 -3.050000 -1.250000 -1.550000 1.450000 -1.050000 -3.950000 0.250000 0.050000 -3.150000 4.950000 -1.050000 -4.850000 0.250000 -4.950000 4.750000 3.950000 3.950000 0.250000 -4.750000 0.250000 -2.350000 -4.450000 -4.450000 4.250000 -4.650000 3.150000 3.150000 -1.650000 4.850000 4.450000 3.050000 -0.850000 -0.150000 0.350000 1.250000 -0.950000 1.550000 -1.250000 1.650000 -3.350000
65 72.1658217839 17.1273569621 -2.350000 2.650000 -0.850000 -1.450000 -0.650000 4.450000 -2.550000 3.450000 0.550000 2.550000 -0.950000 0.350000 0.350000 1.850000 4.350000 0.450000 4.350000 1.150000 3.650000 3.150000 -1.050000 0.050000 4.150000 3.650000 2.650000 4.050000 4.850000 -1.850000 -2.050000 -4.750000 1.850000 1.050000 2.250000 2.250000 0.950000 3.250000 1.150000 2.150000 -0.350000 -3.250000
66 111.6322270545 17.1273569621 -0.750000 -3.250000 4.950000 -0.150000 2.050000 1.150000 2.850000 2.650000 4.150000 2.350000 0.350000 -0.050000 -0.050000 -2.750000 2.150000 2.750000 1.150000 1.750000 -3.950000 -0.550000 -1.650000 3.150000 3.950000 -4.050000 1.350000 2.450000 -4.750000 -2.950000 0.750000 -2.450000 -1.750000 2.750000 -3.050000 -3.750000 0.750000 4.950000 3.250000 4.150000 3.250000 -1.650000
67 174.3370726801 17.1273569621 -0.150000 -1.750000 4.350000 -1.650000 4.450000 -2.750000 2.750000 2.150000 0.250000 -3.350000 -3.450000 -3.050000 1.250000 3.250000 -1.150000 4.250000 -4.550000 -1.750000 -0.850000 -3.050000 1.050000 1.050000 4.750000 0.150000 -1.150000 -0.150000 -0.950000 0.750000 -2.550000 0.350000 3.550000 0.850000 2.950000 -1.750000 1.750000 -0.850000 -3.650000 3.750000 -1.250000 -2.650000
68 152.4922113995 17.1273569621 1.750000 3.350000 -2.350000 4.650000 1.750000 3.250000 -3.950000 2.950000 0.450000 -2.050000 4.350000 1.550000 -3.550000 -0.650000 2.650000 -1.050000 -2.150000 -2.850000 -1.150000 2.950000 1.750000 0.250000 -3.150000 -1.850000 2.450000 2.850000 -3.550000 -0.450000 4.750000 -0.850000 -0.250000 -3.250000 -0.850000 2.550000 -2.550000 0.750000 -3.150000 2.650000 0.750000 -0.250000
69 117.5207393318 17.1273569621 4.750000 -3.550000 -3.350000 -3.250000 2.450000 0.950000 -2.050000 -2.350000 -1.150000 1.150000 -0.650000 -0.850000 3.350000 -1.850000 -0.450000 1.250000 -3.650000 -1.150000 3.750000 -4.350000 -2.050000 4.550000 0.450000 2.250000 2.050000 -4.050000 2.450000 4.250000 3.950000 3.850000 1.750000 4.350000 3.750000 1.750000 -1.850000 -3.150000 -2.550000 4.950000 -0.450000 -4.450000
70 98.1649234046 17.1273569621 0.950000 1.350000 -0.250000 -4.950000 -4.050000 -4.550000 -4.050000 -0.850000 -4.250000 2.950000 -4.550000 -1.050000 -1.450000 2.750000 -4.950000 0.950000 3.250000 2.850000 -3.350000 0.050000 1.850000 -2.350000 2.550000 -3.850000 -4.150000 -3.050000 -2.550000 3.350000 4.250000 -4.950000 -4.850000 -3.950000 0.550000 -2.250000 -1.150000 2.850000 -4.650000 -4.950000 4.250000 2.650000
71 59.8868000485 17.1273569621 2.150000 -0.150000 4.550000 3.150000 4.550000 4.950000 -0.850000 4.550000 -3.450000 0.550000 4.150000 -2.550000 -2.450000 -1.050000 -0.650000 -2.650000 -3.950000 3.450000 1.750000 1.550000 4.650000 3.850000 2.050000 2.750000 1.150000 0.050000 -0.050000 -3.750000 -4.150000 1.150000 -1.850000 3.450000 2.350000 -0.550000 4.750000 -2.750000 3.550000 4.050000 -2.150000 -0.150000
72 176.1938130224 17.1273569621 2.050000 -2.450000 -4.250000 -2.750000 -1.550000 -0.650000 -4.650000 1.550000 1.850000 -4.050000 0.550000 3.550000 -3.250000 1.050000 0.450000 0.550000 4.050000 -4.950000 1.150000 -2.150000 -1.750000 1.450000 -2.350000 3.450000 3.850000 -4.450000 -1.950000 3.450000 -1.050000 -4.650000 4.650000 -4.050000 -2.350000 0.550000 4.350000 -1.850000 -0.350000 -0.450000 -3.750000 0.750000
73 56.4517828630 17.1273569621 -0.450000 1.450000 2.550000 1.150000 3.950000 -2.950000 3.050000 -3.350000 -1.950000 4.350000 -1.250000 -3.150000 -2.850000 4.950000 2.850000 -4.050000 -1.350000 -0.950000 -4.250000 -2.050000 4.250000 -1.750000 -3.650000 -1.150000 1.850000 4.750000 4.650000 4.750000 4.350000 0.450000 2.250000 4.750000 -0.750000 3.150000 2.950000 2.050000 4.950000 3.150000 -4.950000 0.650000
74 28.8692386470 17.1273569621 -0.350000 -1.850000 -2.750000 3.750000 -1.950000 -3.550000 1.850000 -0.650000 0.650000 -1.250000 -0.450000 3.850000 4.250000 -4.150000 3.150000 -0.050000 -1.950000 0.650000 -2.750000 -1.350000 3.450000 1.850000 4.550000 -1.450000 2.850000 -1.150000 -3.750000 3.850000 2.950000 -2.950000 -3.250000 1.350000 -4.850000 3.650000 0.850000 1.150000 -2.950000 1.850000 -2.650000 1.550000
75 34.2948770629 17.1273569621 2.450000 2.450000 4.650000 -3.850000 4.150000 1.850000 3.650000 1.050000 3.950000 2.250000 4.550000 -0.550000 0.850000 -3.850000 4.250000 3.650000 -2.050000 3.550000 1.350000 -3.250000 -1.150000 0.350000 -4.850000 2.950000 3.650000 -4.350000 -4.050000 -2.050000 1.750000 -2.150000 0.150000 -4.450000 -3.550000 -0.050000 -3.150000 -2.450000 -0.150000 0.850000 -2.850000 -0.050000
76 39.2543513252 17.1273569621 -4.250000 -2.150000 -3.550000 -0.550000 -3.950000 2.650000 3.350000 -0.450000 3.150000 -3.250000 -0.750000 -4.650000 -4.150000 3.550000 -4.250000 -2.350000 -2.850000 1.550000 2.450000 3.050000 3.650000 2.350000 -0.150000 3.750000 2.350000 4.350000 -2.950000 2.850000 -3.250000 3.250000 1.650000 -0.750000 0.250000 -2.050000 -4.450000 2.450000 3.650000 -4.450000 2.350000 4.350000
77 38.2406959003 17.1273569621 -1.650000 0.150000 2.350000 -0.250000 1.550000 -4.250000 3.450000 1.450000 3.250000 3.850000 0.450000 -3.450000 -3.050000 -4.650000 0.650000 3.750000 3.050000 0.350000 2.950000 -2.550000 -0.150000 -4.750000 -1.350000 4.650000 -2.450000 -4.750000 -1.050000 -0.050000 -2.950000 4.850000 -0.350000 1.650000 4.550000 -4.050000 -2.050000 -2.150000 0.750000 -3.350000 2.950000 -3.650000
78 49.6176641975 17.1273569621 4.250000 0.350000 0.050000 1.350000 2.650000 3.850000 3.250000 0.850000 -3.950000 -1.550000 3.150000 0.950000 4.750000 -0.950000 -0.050000 2.050000 0.050000 -1.850000 4.150000 -2.750000 1.250000 1.550000 -1.150000 3.150000 -3.750000 4.650000 1.450000 0.150000 -1.450000 -3.650000 0.850000 4.850000 -3.350000 4.350000 1.050000 4.250000 1.050000 2.350000 -1.650000 -3.050000
79 95.4389222568 17.1273569621 0.350000 -1.050000 1.450000 0.050000 -3.850000 -4.150000 -0.350000 2.750000 -4.650000 -0.850000 2.550000 -2.250000 0.050000 2.950000 -2.150000 -2.750000 -1.750000 -3.550000 -2.650000 1.250000 -3.350000 -1.350000 3.750000 1.850000 4.850000 4.150000 3.050000 -1.350000 -2.150000 1.250000 4.050000 3.850000 4.450000 4.950000 -2.750000 -4.650000 -0.650000 -2.150000 3.750000 -2.850000
80 163.8189406432 17.1273569621 -2.150000 4.250000 -3.450000 -3.650000 -2.350000 2.150000 -2.650000 3.550000 -1.750000 3.550000 1.450000 -4.350000 3.250000 -4.350000 1.350000 4.350000 0.850000 2.050000 -4.550000 3.550000 -4.250000 2.550000 0.050000 -3.150000 1.750000 1.850000 1.650000 1.950000 1.450000 1.650000 4.550000 -1.050000 1.050000 -3.950000 4.650000 1.050000 2.250000 -0.850000 4.750000 -2.750000
81 101.5269493359 17.1273569621 -3.750000 1.550000 0.650000 -3.750000 3.350000 -0.750000 -0.250000 -3.650000 -4.150000 -0.750000 -2.950000 -1.150000 4.950000 2.550000 -0.550000 -0.850000 3.350000 -0.650000 4.650000 -4.950000 0.650000 2.150000 -2.250000 0.950000 -1.750000 1.550000 3.450000 -4.950000 0.350000 -0.050000 2.550000 1.850000 3.850000 1.450000 -1.050000 0.050000 4.150000 2.850000 0.150000 0.050000
82 77.3319472610 17.1273569621 -4.450000 4.650000 3.650000 0.550000 -3.550000 -1.950000 2.050000 3.950000 3.650000 -4.950000 4.250000 4.150000 -4.650000 2.150000 -0.250000 0.050000 2.450000 -1.050000 2.050000 -1.250000 3.850000 -1.450000 -2.850000 -4.350000 3.150000 -2.050000 1.350000 -1.950000 -4.650000 -1.250000 1.150000 -2.350000 1.350000 3.450000 3.250000 3.350000 -4.550000 0.550000 2.850000 -2.050000
83 31.4911104530 17.1273569621 -1.150000 1.650000 4.450000 4.550000 -4.150000 4.150000 3.750000 4.850000 -2.250000 -1.050000 2.150000 2.650000 4.350000 1.750000 0.150000 2.650000 4.750000 2.350000 3.950000 2.750000 -2.250000 -2.850000 0.250000 0.750000 4.550000 3.050000 -0.550000 3.750000 -2.650000 3.750000 0.250000 0.950000 -4.450000 -0.450000 -0.250000 -0.250000 -1.550000 2.250000 -1.950000 4.450000
84 173.4982863573 17.1273569621 4.850000 0.650000 -0.450000 -1.250000 -2.750000 -4.750000 -4.450000 1.650000 1.950000 -3.750000 2.250000 -2.750000 3.050000 4.150000 -4.050000 0.350000 -2.450000 0.450000 -2.550000 -0.250000 4.350000 -0.450000 -3.450000 -0.650000 -0.650000 -1.450000 -3.450000 -3.650000 1.950000 0.750000 -0.650000 -4.350000 4.850000 -3.850000 2.750000 3.650000 4.250000 4.450000 -4.850000 -1.450000
85 195.4622577805 17.1273569621 4.050000 3.850000 2.750000 -4.850000 -3.250000 3.550000 -4.950000 -0.950000 -4.050000 -3.850000 -1.450000 -2.850000 -4.450000 4.550000 4.450000 -1.650000 1.050000 2.750000 -1.950000 1.350000 0.850000 -3.550000 0.550000 -2.850000 -4.950000 0.750000 -4.150000 4.950000 2.850000 -3.550000 3.350000 -1.450000 0.850000 -1.150000 0.650000 0.250000 -0.250000 -4.750000 -1.050000 0.450000
86 29.5392552150 17.1273569621 -3.150000 4.150000 1.050000 -2.250000 2.850000 -3.750000 1.350000 -1.350000 -4.450000 -4.150000 -3.650000 -3.650000 -1.350000 -2.150000 1.150000 0.250000 0.250000 1.050000 4.050000 4.650000 -1.250000 4.450000 0.750000 -0.350000 -1.550000 2.050000 3.850000 4.350000 -1.850000 -0.750000 -1.650000 4.050000 -2.650000 2.950000 -4.050000 -3.450000 -3.950000 0.350000 -4.150000 2.350000
87 25.0494803495 17.1273569621 4.550000 4.450000 -2.550000 -2.950000 4.850000 -2.250000 -0.450000 -0.050000 0.350000 -2.450000 -2.050000 4.050000 1.050000 2.850000 2.550000 -0.750000 -4.350000 4.050000 1.950000 -4.750000 3.350000 -1.550000 -1.050000 3.050000 1.650000 0.850000 2.950000 3.950000 1.850000 -0.650000 -3.650000 0.050000 -4.050000 4.450000 4.050000 3.950000 -4.250000 -2.850000 -3.850000 3.350000
88 34.8713517365 17.1273569621 1.650000 2.250000 -3.750000 1.850000 1.350000 1.350000 3.150000 -4.050000 -0.850000 2.050000 -1.750000 -3.550000 -4.750000 -0.350000 2.450000 -0.550000 -3.550000 2.250000 3.450000 -4.550000 1.550000 1.150000 2.350000 2.150000 -0.850000 -2.150000 4.950000 0.650000 -3.450000 3.650000 0.450000 -4.850000 -1.850000 1.650000 3.350000 1.950000 -0.950000 4.550000 3.350000 1.150000
89 76.6406908978 17.1273569621 3.050000 -3.450000 -3.050000 2.350000 0.550000 -0.950000 -2.350000 1.750000 -1.050000 2.150000 2.950000 1.750000 2.850000 -2.050000 -1.050000 -1.450000 -0.550000 -3.850000 -3.050000 4.050000 -2.550000 4.850000 2.150000 -4.750000 -2.650000 0.550000 1.750000 1.350000 1.550000 -1.550000 -3.050000 3.750000 3.250000 -4.550000 3.550000 4.650000 0.950000 -1.650000 0.650000 -3.750000
90 88.3840328204 17.1273569621 -4.050000 1.850000 -4.450000 -3.550000 -4.350000 -0.550000 -0.150000 -2.750000 2.950000 1.550000 0.250000 -0.150000 -2.150000 0.150000 -3.250000 1.150000 1.350000 -1.550000 2.650000 -2.250000 -3.650000 -4.250000 4.450000 -0.450000 -3.550000 -3.650000 4.050000 -2.750000 4.050000 -1.650000 1.950000 3.350000 4.050000 3.550000 0.550000 -1.250000 1.850000 1.550000 -2.550000 -4.550000
91 89.5686281434 17.1273569621 1.850000 -0.750000 1.150000 3.250000 -1.250000 -3.150000 -2.950000 4.150000 -3.050000 1.750000 3.850000 -1.750000 4.650000 2.350000 4.050000 -3.950000 -4.850000 0.150000 1.650000 -4.650000 0.450000 0.850000 4.250000 -4.950000 -4.750000 -3.450000 -4.450000 1.150000 -3.850000 -4.550000 -1.150000 2.950000 -0.450000 1.950000 -0.950000 1.850000 -1.450000 4.250000 -3.950000 4.050000
92 33.0562056219 17.1273569621 -0.550000 -1.450000 3.250000 -2.350000 -0.750000 -1.050000 1.750000 -2.450000 3.550000 1.350000 3.350000 -2.150000 -0.350000 0.750000 3.950000 3.150000 -2.250000 3.150000 4.450000 3.750000 1.950000 3.550000 -4.750000 -2.050000 -1.950000 -3.950000 -0.350000 -1.150000 -1.150000 4.550000 2.350000 -1.950000 -1.350000 -2.450000 -0.550000 -1.350000 1.350000 3.350000 1.750000 -1.050000
93 66.5572822117 17.1273569621 -1.250000 -3.750000 1.950000 -0.750000 1.150000 4.850000 -4.850000 -3.550000 -1.350000 -3.450000 3.450000 4.850000 -0.550000 0.650000 -2.450000 -1.950000 4.250000 -1.250000 -3.250000 4.350000 0.150000 2.050000 -3.250000 4.850000 4.050000 -4.850000 1.150000 2.550000 -4.550000 1.550000 -1.950000 3.250000 -3.250000 1.350000 0.250000 2.650000 -4.150000 -0.250000 3.150000 -2.150000
94 46.4104635694 17.1273569621 3.350000 3.150000 2.450000 0.950000 0.750000 2.750000 0.150000 4.250000 1.750000 3.950000 -1.950000 4.350000 -1.050000 -4.250000 -2.650000 -3.850000 -1.450000 -4.050000 4.550000 3.350000 1.150000 2.850000 -3.850000 0.550000 -1.250000 3.950000 0.950000 -0.650000 1.150000 -4.350000 -0.750000 2.650000 3.350000 -1.050000 -3.050000 1.250000 2.850000 1.350000 -1.750000 -0.850000
95 83.3028969530 17.1273569621 1.550000 2.850000 4.850000 3.350000 -4.650000 0.850000 -1.050000 -4.850000 4.750000 4.550000 1.550000 2.950000 1.350000 -1.250000 -1.450000 1.550000 4.450000 -0.250000 -4.050000 -1.950000 -2.950000 -0.950000 -2.150000 -2.350000 0.650000 4.550000 -4.650000 -3.850000 0.250000 2.150000 -4.250000 -2.950000 0.450000 -2.550000 2.350000 -2.850000 -3.250000 4.850000 -4.250000 4.950000
96 93.7023821913 17.1273569621 -0.850000 0.450000 -4.550000 -3.950000 4.650000 2.850000 -2.850000 -0.750000 4.250000 0.050000 -2.250000 -4.950000 0.750000 3.050000 0.950000 -4.850000 0.750000 4.650000 3.550000 0.450000 -4.550000 -2.650000 4.050000 1.650000 4.450000 0.650000 -3.650000 -0.150000 -0.350000 3.050000 0.350000 -0.250000 2.650000 2.050000 2.250000 -1.050000 0.650000 1.950000 1.450000 -3.950000
97 37.0073305645 17.1273569621 -2.650000 -0.350000 -0.150000 1.650000 -3.050000 2.450000 0.450000 4.350000 1.350000 3.050000 -2.350000 0.050000 4.050000 3.150000 -1.650000 -1.150000 -0.350000 -4.150000 -0.250000 1.450000 2.650000 -0.650000 0.650000 4.150000 -0.250000 -3.250000 3.350000 -1.050000 4.650000 2.550000 -2.850000 0.750000 4.150000 -4.850000 4.250000 -2.950000 -2.350000 -2.350000 4.150000 -0.750000
98 52.4403895772 17.1273569621 2.950000 -2.050000 -1.650000 3.850000 4.750000 -4.350000 0.350000 4.950000 4.950000 1.650000 4.050000 -2.450000 1.150000 3.450000 -3.350000 -3.150000 -4.150000 -4.250000 0.150000 4.550000 3.050000 -2.550000 -0.850000 0.850000 -4.550000 3.550000 -4.250000 4.050000 -2.450000 -0.150000 -0.850000 -0.950000 2.050000 3.950000 -2.850000 0.150000 -0.450000 2.050000 2.450000 -1.850000
99 147.8314568012 17.1273569621 -4.750000 -2.850000 -1.850000 3.450000 2.750000 -2.150000 -2.250000 -3.050000 3.850000 -0.050000 3.750000 -4.050000 -1.950000 -2.550000 2.050000 1.450000 -0.750000 4.750000 -3.650000 4.750000 0.050000 -2.750000 4.950000 -0.250000 3.950000 0.350000 0.150000 -0.250000 2.150000 4.950000 -1.450000 -0.150000 -1.250000 4.650000 4.450000 0.950000 -2.650000 -2.950000 -2.450000 3.150000
100 97.1444446113 17.1273569621 -4.150000 4.750000 3.150000 -1.550000 3.250000 4.650000 2.950000 3.050000 -2.650000 -2.250000 -0.150000 -1.350000 -3.150000 1.550000 2.750000 4.150000 -0.950000 1.250000 -0.650000 -0.750000 -4.350000 3.750000 -4.350000 0.250000 1.250000 2.750000 1.250000 -0.350000 -4.750000 -3.750000 -0.450000 3.550000 4.350000 0.650000 -0.150000 -0.450000 4.450000 1.650000 -1.350000 1.050000
101 43.0050583709 17.1273569621 1.883467 4.065911 1.059149 1.439399 -3.513711 4.894065 4.444465 4.227603 -2.232405 1.882992 -0.894561 -2.890819 -1.097418 1.070540 -4.399404 -2.449285 3.007507 2.864855 -0.465137 -4.343430 3.619477 -0.751498 -3.840164 4.316186 -0.709402 1.276739 2.421687 0.806314 0.715120 -4.286788 -4.752543 -3.115000 -2.162156 -1.378783 0.598572 1.571707 1.983781 2.320042 -4.798902 -3.714140
102 278.6260006531 17.1273569621 2.320080 3.087264 -0.068752 -3.272549 -1.135854 3.588935 2.568176 4.365912 -4.053844 2.879088 4.097086 -0.901331 -4.577835 -0.299103 2.243034 -2.982296 2.282988 0.774783 3.205266 1.374580 2.532775 -1.209396 1.093001 2.613866 -0.939436 4.314159 2.519336 -3.396978 -4.280746 -4.412268 0.639141 -2.658910 3.682056 -3.489410 -4.888206 3.525773 3.513893 -3.435529 -4.808394 0.208342
103 29.1084774080 17.1273569621 -0.153975 2.868755 0.557556 -4.555380 2.466134 -2.023105 -2.927349 4.674358 3.157156 4.422178 -0.650650 1.425682 1.670473 -1.612561 -4.302730 -1.234527 -1.488838 -3.270830 -1.430450 -4.837844 0.081738 -3.000744 -3.456596 -2.538752 -3.715877 1.197279 -3.956728 2.840723 0.128937 -4.122151 -0.342089 4.788263 -4.300867 1.627844 -2.447602 -4.060644 3.588862 1.507975 -1.222710 1.212058
104 31.0054765176 17.1273569621 0.486926 3.971635 -2.248736 -3.635958 -3.766373 -2.665009 -1.335434 -4.398538 1.653405 -3.844671 3.525373 0.251188 2.928144 0.765819 -1.948762 -0.467193 -1.204899 0.294261 2.945843 3.622029 3.313080 -2.033302 2.609148 2.166195 1.983568 -2.429749 -4.766021 -0.453555 -2.860239 2.783942 -3.403186 3.197550 -2.724990 3.801930 -1.007972 -0.296858 2.236380 1.805373 -4.553460 -2.747169
105 70.4796284973 17.1273569621 -2.273371 0.249529 0.033267 0.587958 3.255543 -2.014122 -2.567474 2.414277 2.525567 -2.805983 -4.401519 -0.590269 0.238934 -2.522191 -4.474993 2.345181 3.692925 -0.528445 -1.744551 -2.697527 -4.186294 -1.473198 3.433042 2.845608 -0.538516 -3.635544 -3.974232 2.160020 -3.294323 -3.149946 -4.654634 2.030002 -1.858489 -4.201947 3.367785 0.649595 4.046602 -2.954980 -3.216572 -4.362460
106 95.2639176661 17.1273569621 0.206614 0.214518 1.193808 -3.080822 -4.280694 1.803838 -2.223744 3.782927 4.086434 3.079375 2.785827 -3.379982 -2.901629 1.335836 3.877692 -1.452596 0.004969 -0.829755 -3.505421 -3.131043 2.427618 -3.803443 -2.832492 3.917062 -1.294667 4.188596 -4.870004 4.408008 -1.447131 1.621562 -1.757091 -1.540811 -1.683246 -2.937679 -1.176857 -4.694451 1.276857 -2.606581 -1.789520 -4.040201
107 34.4746312871 17.1273569621 2.906482 0.539502 -0.146085 4.529102 3.259311 3.177676 1.716852 -3.015563 -0.102826 1.390362 2.828371 2.313559 -0.006292 -0.326306 -3.070659 -1.472509 2.256352 4.226394 0.076924 -0.162927 -0.048980 1.339339 -2.222660 0.302846 0.183362 2.082840 -4.572384 1.861170 -4.123698 2.673106 3.682878 2.635562 -0.334585 -1.651901 -1.214049 -2.072982 2.246449 -1.313186 1.505835 -0.793251
108 106.6988077114 17.1273569621 -2.450873 -2.492386 -3.416367 -1.062521 4.378884 4.347205 -0.733783 -3.756471 -0.231589 -3.677934 2.012132 -4.885301 -3.566690 -2.735574 2.133731 0.428013 -4.276842 -3.638235 -4.133340 -3.442352 -4.971356 -1.598299 -1.476705 0.373267 -2.105119 0.685080 -3.152894 -2.033160 2.481878 -0.602072 -1.946019 -1.922245 4.373148 -0.410996 -4.743992 0.513909 -4.470017 2.597093 -1.598240 0.486861
109 60.7335552723 17.1273569621 4.347007 -4.874588 0.876655 2.069854 -3.341225 2.131387 -4.717638 2.304334 -1.937958 4.380027 -0.662987 -3.075087 -4.453811 3.420060 2.965047 -0.972254 2.062746 2.688765 4.294225 3.431783 4.802975 2.827466 0.643217 2.180694 -2.296016 -3.576613 -3.392953 -0.620500 3.545287 4.661160 3.129702 4.437301 4.469975 -1.782893 3.247459 -1.477506 -3.398984 3.715599 4.081611 -4.224824
110 94.6201109517 17.1273569621 2.843623 -4.265039 -2.764847 -1.776834 -1.490578 -4.044292 1.509148 -2.240132 -1.098742 -4.064960 -4.106820 1.212479 -3.293178 4.700322 1.911574 2.019523 -3.421686 -4.678447 1.746514 -2.673603 -2.228975 -0.029313 4.316852 -3.668448 4.332525 -3.973369 -4.522973 -3.075080 -2.141701 -2.293050 -3.659679 0.858721 -2.120494 1.303189 4.426724 3.123233 2.708964 2.154161 -0.653863 -3.513024
111 67.8287010598 17.1273569621 -1.348050 1.667740 -2.391406 2.248543 -2.874957 -2.113579 4.155377 -2.518837 4.980056 4.068256 -4.652173 -4.442642 -0.866950 -2.409472 -2.692817 3.845095 -0.192915 -1.126308 4.171632 -0.579882 -4.794236 1.974387 -4.346003 3.004891 0.548515 1.081834 -4.309934 1.967073 1.108786 3.349388 3.081634 -1.036748 3.824058 3.580350 4.753283 -2.569220 4.179514 -0.882000 0.020980 0.697067
112 39.7115258596 17.1273569621 -0.132738 1.691750 2.446147 4.014781 2.684968 -1.889360 -1.407994 -4.781020 0.669288 -3.356525 1.827343 2.026291 4.955989 -4.538168 3.178417 -1.995108 -2.056564 3.324211 2.919475 -2.625797 2.090124 2.900356 2.694024 -2.987273 -4.438119 -0.803490 -0.880850 -0.844887 3.103354 -0.382046 -3.015455 0.819685 -2.875604 2.732601 2.647341 1.962799 4.256893 0.661149 4.318822 2.895070
113 113.0896249911 17.1273569621 -3.310403 -3.041154 1.330141 -3.617893 1.288092 1.819575 0.279165 -1.289383 2.021158 -1.560746 -4.537491 -1.193649 -2.473897 -1.801105 0.335346 -1.807683 -2.895778 4.793614 -2.098362 -3.600434 3.647409 -3.170855 2.507968 -3.036197 4.780566 4.397810 -1.031330 -0.073317 -0.535981 -4.621671 -2.511670 4.041134 -2.000020 1.863939 3.360382 3.384804 0.949121 -0.485080 -0.299868 1.993261
114 30.3411191856 17.1273569621 0.899347 4.139762 -1.127506 -2.313780 2.329839 -0.159093 1.756625 -1.546758 4.958994 3.445867 -3.947631 1.937776 4.885179 -2.627999 -4.151402 -4.759894 3.863226 1.436403 -4.910347 4.137093 2.522859 2.997733 0.976412 0.244486 -1.174555 4.615694 1.921852 -4.185368 -4.353052 -3.507517 0.530827 4.928703 2.288188 1.371280 2.435643 3.461378 4.718757 -0.062882 -3.357193 -3.156432
115 38.0147209165 17.1273569621 4.233318 1.818528 -4.574113 -4.015725 -3.090651 -4.619647 4.807250 -2.556227 -3.459015 0.460968 -4.272629 1.466034 0.347605 2.168668 -4.038447 0.113391 0.202659 1.989468 -0.223719 0.837972 -4.631849 -0.890665 -4.008335 4.599233 -2.087034 2.852106 0.259975 -0.869422 -2.882658 -0.700151 -2.525889 1.917414 2.896186 2.518871 0.808549 -0.870349 -1.446008 0.324452 -3.058052 2.362002
116 55.1080123166 17.1273569621 4.308162 1.906675 -2.931981 2.016909 -2.198835 -4.114070 4.127539 0.222019 1.854493 -2.291919 1.366331 1.000077 4.888589 -1.047090 -0.251596 3.333612 4.556393 0.192946 3.720726 1.349978 -2.249191 1.965599 -3.711278 3.657406 0.858859 4.060045 4.458452 1.131855 -0.582246 -0.730486 -3.043745 3.983086 2.211506 -4.464425 -3.210882 4.749244 -1.245449 3.812275 -1.092771 -2.036190
117 112.2270250497 17.1273569621 -4.176559 -0.553578 0.988619 -4.423825 2.777615 0.379950 4.146621 1.186992 1.238205 1.778052 4.489873 -1.499735 -3.240643 -4.633990 2.663347 1.360912 -3.183865 -3.989584 -1.396234 -0.771627 -0.678796 -3.241625 2.337809 4.702696 -0.319863 4.997553 -1.936114 -4.342847 -3.212200 -1.890284 1.532266 -4.153661 3.425431 -0.079879 0.307165 1.701262 4.774860 2.655685 -0.693580 0.216183
118 50.8141730182 17.1273569621 2.997326 -3.161484 -0.650961 1.506428 2.474721 1.356558 4.477400 -4.456481 -2.532039 -2.333584 3.085850 0.979404 3.624780 0.737778 1.104243 0.049862 3.764134 2.633472 4.129342 -3.723211 0.337455 -2.268241 0.853855 -4.096338 -3.057500 2.880078 -1.077726 -3.163928 0.360069 3.256696 -3.453205 0.250592 3.918407 -4.559260 1.620188 1.313187 -2.847240 -0.957650 3.251131 3.868256
119 56.7349601394 17.1273569621 -3.630872 2.900700 -1.785804 -0.081206 -3.119002 -1.969909 -2.914417 3.498794 3.280443 3.347446 -2.762621 -4.728472 3.529296 -3.970491 1.288689 0.503535 1.437387 2.678754 0.455869 4.088690 -1.395465 -0.706368 -1.472712 0.963558 0.478060 3.473554 2.100201 -1.733536 -2.442182 -2.551943 2.728435 -4.610082 1.941944 3.919565 -3.270728 -1.684542 -4.226572 0.733741 1.128145 2.438135
120 85.8634709595 17.1273569621 4.717066 -2.672909 3.895766 4.426113 -4.486730 -3.405838 0.890445 -1.114348 0.215773 -0.890703 1.628470 -2.792123 4.010759 -1.255363 -0.376538 -4.194390 -3.198189 3.257729 -0.061836 -2.357756 -2.172629 0.789620 -2.175518 -4.659846 -4.613376 -1.394626 -3.967016 -2.262709 3.550027 2.789684 1.414944 -2.614557 -1.900360 -3.230551 -2.807044 -2.571313 -3.906724 3.795974 -3.835033 -4.064895
121 67.8803214284 17.1273569621 -3.110651 -1.738765 3.739707 -1.746233 -3.510373 -2.638560 4.021591 -0.100422 -4.387580 3.199219 -4.570469 -0.154214 -2.233079 -1.201434 2.531255 -3.374345 0.686809 -4.425927 -4.670419 -4.817052 -2.303434 1.460346 3.662888 -1.650875 4.950973 -1.508732 0.361423 0.169016 -4.547522 3.926728 0.829421 0.035332 -3.217596 -4.772622 2.207944 0.271080 2.364849 3.168291 0.302354 -1.876320
122 45.5187806397 17.1273569621 4.821546 0.595944 4.775620 1.371166 -4.053745 2.149944 -0.515592 1.454092 2.152338 4.382552 0.891632 -3.337544 -3.155401 -1.951953 4.031173 -1.316846 -0.179333 -3.658143 -1.611785 -2.602632 -4.358338 4.072934 2.069777 0.123940 2.638986 -3.486411 -2.049200 -0.885103 -4.081424 -1.429362 -3.864818 -4.594964 -3.594509 3.696550 -0.644145 -1.520426 -3.657662 4.380030 -0.362095 -2.886999
123 65.5377898796 17.1273569621 -2.130260 4.789362 4.425419 -2.742215 2.547167 -0.434342 -0.500153 -2.719106 2.112849 -3.943818 -2.886067 -1.263881 1.592975 -0.102501 2.145209 -1.007786 -0.977159 -0.308678 -0.484887 -1.665338 0.485385 -1.351223 0.849457 0.146926 1.826183 -2.854649 -1.351723 1.681708 3.917028 4.854992 4.134559 2.938290 -3.448340 -4.883215 0.851977 -4.204953 4.881768 2.484270 0.732051 2.416259
124 31.2821992288 17.1273569621 2.886486 4.407337 2.838804 2.790118 1.662209 0.757097 -1.495165 -0.002611 2.299726 3.791938 1.775813 4.568281 2.282800 -1.246733 4.753242 -4.278633 -2.526363 -4.180147 0.953550 -1.705327 0.319725 2.561224 -4.801274 -1.789435 3.490006 -0.003711 -4.934149 4.954620 -1.133321 1.286953 -0.082283 2.809923 -0.477395 -3.772022 0.008838 3.178876 4.350849 1.333785 4.839914 -1.311535
125 46.2592056877 17.1273569621 -3.992037 -3.742337 -1.605173 3.622922 -0.932325 4.608375 4.957469 -2.913787 -3.994380 -1.759408 -4.759321 3.212447 2.910354 -0.256919 -0.030038 3.255098 -0.265729 0.783973 -1.128535 -1.860663 -0.553790 -4.826654 -4.410222 -0.207800 2.654883 0.241030 -3.737107 -1.390932 -1.849007 4.301054 0.244160 3.461666 -1.955121 -0.771781 4.462186 -3.932134 -2.932851 -2.795132 -2.928830 -1.567650
126 35.1431883673 17.1273569621 -0.143341 1.143176 3.649827 -3.649976 -4.000847 1.083993 2.425958 0.135522 2.699636 -3.264266 -1.531238 0.332251 -1.773484 1.710967 -2.701442 2.999970 2.283886 1.986969 1.670144 -4.842500 -3.255751 4.325962 2.879485 -2.923219 -0.760672 -1.514955 1.740783 3.450967 -3.034444 -2.464733 1.392924 3.367551 1.646775 -0.784594 2.806706 -0.948593 1.210649 -2.386446 0.809194 1.599342
127 86.4952553077 17.1273569621 3.812961 0.474445 -1.978421 -1.006344 3.836301 -2.549410 2.198838 0.578533 2.929305 -3.421740 -3.080917 -3.853813 -0.426679 -2.396890 -3.974286 -1.119375 3.346883 -2.688499 -4.233865 -3.765791 0.188661 -2.510043 2.592141 -1.789387 -1.444071 -4.804879 3.135485 3.779119 -0.115279 1.222758 2.486638 1.528763 4.381788 0.012637 -4.118284 4.620626 -0.538148 -1.718484 -1.671872 -0.825648
128 45.0581564169 17.1273569621 2.115587 4.082607 -1.847267 -0.798691 2.707956 4.675635 0.493727 -2.668683 -1.374449 0.874018 3.421618 4.240918 -2.195846 -2.016360 -2.610747 -2.465103 4.390547 -3.021510 3.601930 1.265841 -2.217802 -0.344457 0.076082 4.593935 -2.403814 -2.205855 1.007310 4.542989 -3.745294 -0.722227 -3.433430 3.942072 0.069976 3.566580 -2.353724 -1.483891 -2.735365 0.378850 -3.457648 -3.590894
129 66.6732576060 17.1273569621 -4.077300 -4.307361 -1.711336 4.093275 4.901056 -1.608331 4.060694 -0.968314 -4.826678 0.769787 -4.282928 -0.920646 3.651395 -3.214338 -2.739462 4.403347 -4.104321 3.588975 -4.982923 0.694030 2.085103 4.800577 3.643784 -4.996018 -2.185683 1.065414 0.733042 4.464615 -3.438147 -1.641014 2.729664 -2.877947 -3.938904 4.642293 -1.258232 1.088104 4.466788 -3.830627 0.964114 2.546762
130 49.4384332407 17.1273569621 4.557002 -2.108118 -0.752655 -1.298633 -0.627150 1.789873 -4.887583 -4.085572 0.749939 3.346800 0.345472 -1.669956 1.037574 -4.666741 -3.848841 3.780312 -4.266565 1.894776 0.359639 -2.345620 -3.850128 -1.798166 -2.551748 4.897620 -1.645600 2.233383 3.857560 -2.018782 -3.245303 4.861660 -1.841603 -0.643334 1.893708 -1.604348 -3.426304 1.450816 -0.113332 -2.260572 4.498449 2.125394
131 92.6922825750 17.1273569621 -4.790916 -4.362949 -0.413894 3.963146 -3.303648 -0.937321 -0.710595 1.936499 -1.713757 -2.369057 -1.842434 2.094140 0.120387 1.927159 2.903157 -0.283877 4.228554 -4.968738 -3.321725 -2.570757 -0.440585 1.101822 4.651379 -4.814319 -0.059663 4.266137 0.386982 -2.154530 2.065006 3.843359 1.988179 2.771134 -3.483583 -2.075899 -1.038690 -4.409940 -2.412796 -2.810805 -3.247099 2.342386
132 33.7092773521 17.1273569621 -1.488545 1.929307 0.206060 -0.776967 -0.313949 2.868400 1.548873 -0.047977 -0.638704 -0.826464 -0.289991 3.211351 2.083149 -0.009158 0.695806 2.381765 -4.685807 -2.865814 4.001421 -0.121329 1.827362 1.575946 -3.025058 3.163929 0.344154 -2.958142 4.156273 4.508637 4.908057 0.700512 -0.977689 0.847638 -4.971250 4.848879 2.693023 0.692426 3.969322 3.891599 0.826915 3.941790
133 46.0892500859 17.1273569621 -2.529651 0.739187 -4.994708 2.660970 1.638130 -1.945022 3.253803 -2.228249 2.930420 1.420741 -1.767005 -4.805461 -0.768714 -3.553547 4.451294 -2.569052 -0.493134 0.553798 1.658838 -0.116522 -3.036738 2.461837 4.451517 1.014591 4.050440 -0.042205 -1.283532 -2.828665 4.060285 3.723247 2.183620 2.249043 0.965028 2.200123 -2.459333 -3.525028 -2.543994 1.339209 -1.609686 2.445684
134 40.0007908944 17.1273569621 3.026977 -1.726532 0.853248 4.526523 4.267956 -0.468829 -1.237795 -3.808599 -4.866272 -3.835939 -2.759499 2.995289 -0.445343 1.073321 1.660977 -2.339032 -2.935338 2.724028 3.335755 -2.183554 1.565308 -3.179071 -0.415381 -0.632786 -0.745144 0.226832 2.237056 4.701149 -0.618182 -2.830314 -2.992747 -2.800691 -4.064557 3.031835 2.481237 -0.352742 3.226972 4.350283 -2.881480 -1.614844
135 27.9645315901 17.1273569621 -2.455620 0.728026 -2.761160 -4.748388 2.285331 2.582784 -4.910114 4.444426 -1.820753 1.890704 -1.700587 -2.186881 2.275042 2.247409 -0.106029 1.868886 -2.295662 3.909249 0.030256 -2.677920 2.938575 -0.390064 -3.697808 -2.276875 4.200662 -3.741226 -4.095953 0.689727 1.225817 -2.258220 -3.403554 4.902089 2.321239 -0.917006 -4.189087 -0.395095 2.890288 2.877535 -0.803959 4.061920
136 67.0633399641 17.1273569621 1.745343 -0.533271 -1.775851 -0.701108 -0.467542 4.534009 1.205225 -2.454055 -4.869851 -0.172334 -2.174914 -1.231751 3.679425 -3.734623 -0.323230 2.311008 0.208813 1.498906 0.021066 4.008516 -3.979858 4.212446 3.172148 4.426227 -2.122836 -1.404422 -0.844705 3.626519 3.831340 -2.742543 -4.004051 3.681576 1.562306 -1.937482 3.539755 2.032403 4.486612 -3.734258 0.753656 -4.684520
137 36.4067865071 17.1273569621 -1.661036 -3.805324 -0.777371 1.389313 -2.502565 -2.750226 3.040615 3.880819 4.867771 -0.773775 -3.757389 -0.931112 -4.542565 2.195821 0.679010 3.350430 -0.207615 0.912723 1.589562 -2.642382 3.058222 3.437607 1.189242 1.624362 -0.383257 1.033701 0.477416 -2.992361 4.889571 -4.626008 -1.230720 -3.415780 -3.921176 0.732159 -0.118745 2.277244 -0.316764 0.564657 1.166304 4.490628
138 29.6301638418 17.1273569621 -2.781268 -0.540420 -1.290265 4.679996 -1.848451 3.786201 0.239937 2.262797 -1.431778 -3.939042 2.811905 -0.200825 -0.302179 -2.583305 0.081731 -4.703530 -3.037227 -4.003276 0.221633 -1.838102 4.756043 2.175537 -3.683796 4.412965 0.958462 4.774365 -3.982941 -1.635867 -4.531769 -3.100349 -4.615675 -0.703484 1.324638 4.628267 -3.384517 4.158147 -1.775985 1.627781 -2.694873 4.094671
139 55.5693305031 17.1273569621 -2.028999 -0.610719 -1.147124 0.224786 3.537821 -2.974620 2.964998 2.567558 3.934339 2.482796 1.021272 -3.399663 -3.467511 -4.916849 3.251296 1.564502 3.807834 -2.823664 -4.897608 -2.759262 4.524428 4.616468 1.702195 -2.500583 0.156267 1.568288 0.622490 -1.172963 -1.544192 -0.436484 -0.754661 -3.737249 -4.851703 -0.218893 2.222061 -0.304933 -1.468219 -2.669543 1.062520 0.582573
140 77.5270680584 17.1273569621 4.308602 -3.561027 4.451418 2.960168 1.871858 1.061004 1.370605 -1.163114 -2.306811 -0.122501 3.308480 -4.974333 2.568866 -1.886843 -2.725478 3.831954 -3.340459 3.397208 1.767292 0.194705 -4.710146 -4.957547 -0.438243 -3.285939 -4.872497 -3.374300 1.631731 1.741186 4.750667 3.142274 -3.664763 -3.181036 -2.906179 0.270543 -2.127271 -1.946869 -2.891629 -0.666909 2.275188 -0.118600
141 106.6191707755 17.1273569621 -1.290228 -4.861282 -0.711391 0.835993 -0.559862 -4.802761 -4.088844 -1.323803 1.225723 -4.452203 2.914419 -1.472389 -1.703466 1.843730 -4.445675 -1.918514 4.172979 -0.490719 -4.926237 -3.788456 4.639472 1.351437 -3.572468 -1.558104 -2.699820 -4.729116 0.155829 -4.791223 -1.791135 -2.777227 -4.331131 -3.985277 1.399172 2.281485 4.650633 -2.316157 4.663893 -2.017476 -0.179001 2.655329
142 57.5136310603 17.1273569621 -2.661812 -2.986592 -1.419297 0.034469 -0.005378 2.234530 0.631047 -0.804542 -2.525609 1.444204 -0.965291 3.109107 -1.286466 -4.351542 2.825775 1.045427 1.649472 -0.670239 2.673092 -0.443425 1.282885 3.692384 -1.928213 4.625644 0.067996 4.386409 1.121277 1.476146 2.182709 -1.364617 3.498447 -0.425896 2.217208 1.762398 -0.430584 4.972832 -1.333133 -0.585741 1.031672 -1.338609
143 69.7936189264 17.1273569621 0.014916 -4.725699 -4.583741 -4.356060 3.789305 -2.620136 -1.308601 -1.118985 -0.145810 -1.358649 4.538509 1.579431 -1.431759 1.184827 2.937462 -2.337701 3.130108 -2.318313 -2.459560 -1.349851 -3.174245 0.506471 4.462373 1.612792 3.745540 2.432568 3.838446 -2.212405 3.212409 0.154566 4.079203 4.578144 2.590282 1.653760 0.536613 2.696486 -2.576252 -2.192208 4.743449 3.530527
144 216.8577217318 17.1273569621 1.525401 1.570670 0.257850 4.483872 4.118279 -0.827141 2.020235 1.291713 -4.214266 4.165593 3.417548 -1.851117 -1.150341 -1.267477 -0.197990 -2.809500 -2.842585 -1.310879 -2.354198 -3.207843 -2.657162 -4.929058 -0.349709 2.271395 2.487416 3.543291 0.498101 1.163961 -2.859044 -3.912425 4.736255 -2.959201 0.010506 -1.775699 4.137347 4.476660 3.779653 -0.588811 -2.417373 -4.604804
145 72.4555136045 17.1273569621 -3.404028 0.757748 -1.774022 -0.969622 4.283578 -1.447228 -4.827198 2.266957 0.873045 4.388261 -3.805023 1.249928 -0.148019 0.342762 1.900088 -2.556722 -2.685230 4.864512 4.120655 -4.039702 -0.333607 4.991413 0.642603 0.870049 3.395322 4.669038 -2.300547 2.228745 -2.299171 0.322496 2.994741 -3.361269 -3.488666 -1.048472 -0.610275 4.225850 -1.349764 -3.075610 -2.685399 -0.795745
146 28.6510919625 17.1273569621 -2.279946 3.909470 3.468764 -4.135633 0.457953 3.467141 -1.250796 -1.284981 -3.742827 0.536399 2.286907 4.933596 0.182304 3.806524 -4.281694 2.342580 4.350188 1.191939 3.827685 2.799307 -0.882935 0.170896 -1.153681 4.844134 -1.360621 2.923722 0.790511 1.303110 -0.301863 4.081321 2.442953 3.050372 -1.731406 -4.908695 -1.307374 0.110556 -2.552845 1.369617 4.507266 3.535513
147 122.9546110738 17.1273569621 1.945851 -0.218452 2.784519 3.754612 -1.732354 0.227382 -1.407241 -1.441842 1.594207 1.616579 -1.767951 -1.983921 -3.866777 3.121237 -0.109438 -3.241274 4.712981 -4.719681 1.113571 -1.537609 3.674927 -3.025755 3.202290 2.416070 -4.802816 3.998107 -1.063071 -4.323109 -4.817757 -2.905156 -4.007913 3.853348 3.585327 1.368314 1.285808 2.882406 2.175111 -4.693012 4.930710 2.522311
148 42.0793146025 17.1273569621 0.896530 -4.285067 -3.074592 0.430828 -3.333577 1.656806 -2.053618 -2.154692 -0.937980 -0.329942 -4.682715 4.086244 -2.307369 -4.397885 -3.036152 3.252710 1.587503 2.662825 -3.817854 2.353058 -0.296059 0.556093 -1.796778 -4.512167 0.737168 -2.565630 4.659898 0.780815 -1.596416 -0.572277 1.110175 4.093240 -0.642597 -3.013183 -2.640906 0.881073 -0.125763 4.166550 -4.801003 3.721162
149 82.3448878509 17.1273569621 -3.750117 1.247055 1.340338 2.081597 3.282491 -4.431548 -2.621261 4.371013 1.651542 -2.720517 -1.102481 -1.842766 -4.644687 -2.878556 2.900421 2.940006 -1.573795 2.748920 -3.734097 4.327578 -2.519883 4.721481 4.906088 3.938050 -1.655225 -3.547869 -4.863267 -0.097693 -4.221538 4.443730 1.327332 1.793552 -4.383076 0.036943 -1.663012 -0.967895 -4.978380 -1.018756 1.781726 -1.273516
150 41.5789843438 17.1273569621 0.509004 4.684947 0.471674 -1.821102 -4.638625 0.274421 0.066289 0.107920 2.996535 -3.549693 -1.926770 -1.550588 -1.456620 2.051694 0.326918 3.041398 0.111017 1.198596 3.622032 -3.443224 -0.091901 3.908459 3.025677 -4.606581 0.899208 -4.223917 1.564270 4.147439 -2.322446 -3.795032 -1.882512 1.916818 4.675035 2.810597 4.440087 -2.331725 2.109631 -1.818078 -2.674975 1.258191
