evaluations raw_y raw_y_best x0 x1 x2 x3 x4 x5 x6 x7 x8 x9 x10 x11 x12 x13 x14 x15 x16 x17 x18 x19 x20 x21 x22 x23 x24 x25 x26 x27 x28 x29 x30 x31 x32 x33 x34 x35 x36 x37 x38 x39
1 25.1921006389 25.1921006389 -0.250000 1.850000 3.850000 -3.250000 3.950000 -3.550000 0.650000 -4.850000 -0.350000 2.550000 -4.550000 -3.450000 4.350000 4.350000 -1.850000 0.050000 -4.050000 -1.050000 -1.950000 -2.350000 -3.150000 -3.350000 0.650000 -4.350000 -1.750000 -3.350000 -1.550000 -4.250000 -1.450000 1.550000 3.750000 -3.950000 -2.950000 -2.450000 4.050000 4.950000 -4.050000 -1.050000 0.350000 1.150000
2 27.1690329354 25.1921006389 -4.450000 -2.650000 -0.750000 -4.150000 1.550000 -0.650000 -1.750000 0.350000 -0.050000 -2.850000 2.950000 -0.650000 2.650000 4.450000 -0.350000 -1.850000 -1.350000 0.950000 4.850000 -0.650000 -1.850000 -4.550000 -1.050000 1.750000 0.150000 -1.150000 -0.450000 -3.050000 2.050000 0.950000 2.950000 -4.950000 4.550000 2.750000 -3.350000 -1.850000 4.750000 -3.550000 3.050000 -1.750000
3 53.5865281757 25.1921006389 4.450000 -1.250000 -3.750000 -2.650000 1.750000 2.850000 -4.450000 0.950000 -1.550000 2.850000 -4.050000 0.350000 3.650000 2.550000 1.750000 0.650000 3.850000 -1.150000 2.650000 4.850000 3.250000 -3.850000 4.650000 2.650000 -2.050000 0.050000 1.050000 2.150000 -2.350000 3.350000 -3.450000 -3.450000 -4.850000 -0.250000 -1.650000 1.450000 1.850000 2.450000 -3.550000 -4.250000
4 43.5495044982 25.1921006389 3.750000 -2.550000 -0.450000 0.550000 0.950000 4.250000 -0.750000 -4.750000 -4.650000 0.650000 -1.050000 4.350000 -1.650000 3.550000 -1.550000 1.250000 -1.750000 1.050000 1.750000 1.650000 4.750000 3.550000 2.250000 3.650000 4.650000 2.250000 4.350000 3.550000 -3.250000 1.750000 -3.650000 3.650000 3.450000 -4.950000 -1.950000 2.150000 2.850000 2.250000 0.050000 -2.150000
5 27.1190781634 25.1921006389 -0.750000 -2.450000 -0.650000 3.650000 -3.650000 -2.250000 -1.550000 -1.050000 -4.750000 -0.950000 -0.050000 2.050000 -0.950000 -2.550000 2.150000 -4.550000 0.550000 0.450000 -0.150000 -0.350000 -4.550000 -1.650000 4.250000 -4.650000 -2.850000 -1.250000 3.950000 1.950000 -0.850000 -2.550000 4.050000 -3.750000 1.750000 0.850000 0.050000 1.550000 -0.250000 0.850000 -1.850000 -3.350000
6 69.9657462002 25.1921006389 1.950000 4.050000 -2.450000 -1.150000 -4.550000 -2.450000 0.750000 -1.250000 -3.550000 4.950000 -4.150000 4.950000 -4.450000 2.050000 -2.750000 3.650000 -4.750000 -3.250000 -2.650000 3.950000 -3.750000 -1.750000 -0.250000 -4.550000 4.150000 0.250000 -0.050000 1.150000 -2.850000 -1.350000 -0.050000 0.150000 -0.450000 -3.650000 4.550000 0.650000 0.550000 -2.850000 1.950000 -2.750000
7 207.8352568779 25.1921006389 3.850000 0.050000 2.450000 -0.450000 4.450000 -4.150000 4.250000 2.750000 3.150000 -1.650000 4.950000 3.450000 0.250000 -2.250000 -2.550000 -2.150000 1.950000 0.550000 3.050000 -4.950000 4.350000 -0.650000 -0.750000 -2.650000 -1.050000 -4.550000 -2.250000 -4.350000 -4.150000 3.750000 -3.750000 4.150000 4.950000 2.350000 -3.550000 0.050000 -4.350000 -3.650000 4.850000 4.550000
8 30.6052916325 25.1921006389 4.250000 -3.050000 2.550000 0.950000 -2.550000 -2.950000 -1.150000 2.350000 0.750000 1.650000 1.050000 -1.650000 -3.950000 -4.050000 4.850000 2.650000 -0.650000 -2.350000 -4.350000 -0.050000 4.850000 -1.450000 2.450000 3.350000 -0.450000 4.850000 4.250000 -0.750000 -1.650000 -0.950000 -0.550000 2.050000 -1.650000 4.750000 -0.450000 3.250000 -1.950000 4.850000 -0.650000 -1.950000
9 87.5626844488 25.1921006389 2.950000 0.350000 0.250000 -1.850000 1.150000 1.750000 0.450000 3.750000 -1.750000 -4.050000 -3.950000 0.250000 2.350000 1.050000 0.950000 4.150000 2.850000 -1.750000 -3.750000 -2.550000 -0.350000 -3.650000 -1.650000 1.550000 0.350000 -0.550000 3.750000 2.450000 4.650000 -0.650000 4.950000 2.450000 -3.250000 -0.750000 2.850000 4.850000 2.650000 4.050000 -2.850000 1.550000
10 28.5829348483 25.1921006389 -0.350000 -3.350000 -2.950000 -2.950000 2.350000 1.450000 -1.050000 -4.150000 0.450000 3.250000 -0.250000 2.150000 0.750000 -4.150000 1.550000 -3.750000 3.950000 -3.550000 -1.250000 -4.650000 -4.050000 3.450000 1.050000 -1.950000 4.450000 -4.150000 -4.250000 -0.050000 0.850000 -0.450000 -2.450000 -3.850000 -0.250000 1.750000 -2.250000 1.250000 2.950000 -1.750000 4.250000 3.650000
11 84.5401426404 25.1921006389 -3.050000 4.750000 -2.750000 -3.450000 -2.950000 0.250000 4.150000 1.650000 4.450000 -2.150000 -3.850000 4.050000 -3.450000 -4.750000 0.350000 0.450000 1.750000 2.950000 3.450000 -3.850000 2.450000 -3.950000 -4.350000 -0.250000 -1.650000 -1.650000 -2.150000 4.750000 -4.350000 4.750000 2.350000 -2.550000 -0.350000 -3.850000 0.750000 -4.250000 -2.050000 1.350000 2.650000 1.450000
12 44.0734649418 25.1921006389 4.950000 3.750000 0.650000 -0.950000 3.850000 -2.750000 0.850000 -3.750000 1.150000 2.750000 0.650000 3.150000 -0.450000 -4.650000 -0.650000 -3.950000 2.450000 1.750000 0.150000 -3.250000 -3.850000 4.450000 3.250000 2.050000 0.250000 4.650000 -2.950000 4.950000 -2.550000 -2.350000 -3.350000 -4.050000 2.450000 1.250000 -2.750000 2.450000 2.750000 2.550000 -1.750000 3.550000
13 47.7626168748 25.1921006389 -1.950000 -2.250000 0.750000 0.250000 -3.850000 3.350000 -1.250000 2.250000 0.550000 0.750000 -1.650000 2.850000 -2.650000 -1.150000 -3.650000 3.550000 3.650000 -0.450000 1.650000 1.150000 -4.150000 -3.050000 4.050000 -0.550000 1.850000 -1.750000 4.050000 1.450000 3.750000 -2.850000 -1.050000 -4.450000 -2.750000 0.650000 -2.050000 -0.350000 -0.050000 -4.650000 -4.850000 2.250000
14 61.0670630395 25.1921006389 1.550000 2.650000 -3.550000 -2.450000 -4.250000 -1.250000 2.250000 -1.150000 1.550000 -3.250000 -1.950000 1.950000 2.550000 0.150000 -3.150000 -1.450000 3.450000 -3.750000 4.250000 0.450000 -3.450000 4.250000 -3.550000 4.550000 0.850000 0.150000 -4.450000 2.950000 0.450000 -3.050000 -1.350000 4.050000 -2.150000 4.250000 3.050000 1.050000 -1.650000 3.850000 2.350000 4.850000
15 35.5902017271 25.1921006389 3.250000 3.550000 1.950000 -1.450000 1.050000 4.450000 0.350000 -2.850000 1.650000 4.850000 0.850000 1.350000 2.950000 -4.550000 2.350000 -3.250000 -4.550000 -2.850000 1.950000 2.150000 -2.550000 -0.750000 4.950000 -4.950000 1.250000 3.350000 -3.450000 -4.650000 -3.150000 -0.150000 -2.350000 0.350000 4.850000 3.650000 2.650000 3.950000 -4.250000 -0.150000 1.350000 4.050000
16 37.9151842369 25.1921006389 1.850000 2.750000 -2.850000 0.450000 -1.450000 2.650000 4.850000 1.850000 4.350000 -1.050000 1.850000 -3.050000 -2.850000 -4.350000 1.250000 -1.150000 -4.350000 1.650000 -0.350000 -1.550000 -2.150000 -1.250000 -3.850000 -0.650000 -3.750000 -0.750000 2.250000 -3.350000 -2.250000 -4.550000 4.450000 -1.150000 3.750000 -3.750000 -4.350000 -4.050000 4.050000 1.750000 0.250000 -4.950000
17 54.5467788066 25.1921006389 -3.350000 3.050000 4.350000 2.650000 0.350000 2.450000 -0.550000 -0.350000 1.450000 -2.250000 0.350000 3.650000 2.250000 1.250000 -3.950000 -3.850000 3.750000 -2.950000 -4.850000 -3.950000 -2.050000 4.550000 -1.150000 2.850000 1.950000 -3.550000 -3.250000 -4.750000 0.050000 -3.950000 -2.550000 -2.150000 0.550000 -1.650000 -3.850000 -0.950000 1.950000 2.850000 -3.850000 0.950000
18 65.5975843599 25.1921006389 -2.450000 4.550000 4.150000 -1.250000 -0.550000 -2.150000 3.950000 4.650000 4.650000 -4.750000 4.150000 -1.050000 -3.150000 3.950000 -4.250000 2.550000 3.550000 -4.350000 3.950000 -2.150000 0.550000 -4.650000 3.950000 1.350000 -2.350000 -2.950000 1.350000 -3.850000 4.450000 0.750000 -2.150000 -0.050000 -3.050000 -3.050000 1.150000 -0.750000 1.650000 0.950000 0.450000 -3.950000
19 53.6298567574 25.1921006389 -2.550000 -1.950000 1.150000 -4.050000 -1.650000 -3.950000 1.450000 0.150000 2.250000 -3.950000 -0.950000 -3.150000 -1.550000 -0.950000 -2.950000 1.850000 4.350000 3.950000 -0.450000 -2.650000 0.750000 0.550000 0.050000 2.450000 3.750000 -4.750000 1.450000 3.250000 -1.250000 2.950000 -2.850000 4.550000 1.950000 4.350000 2.250000 -2.550000 4.950000 3.250000 -2.750000 1.050000
20 42.8094588844 25.1921006389 1.250000 4.850000 -3.050000 1.850000 4.950000 2.950000 -1.650000 1.050000 2.950000 2.650000 3.150000 2.350000 4.850000 -4.950000 -3.550000 -1.950000 -3.050000 4.250000 4.650000 -4.250000 -0.450000 -3.550000 -0.450000 -3.850000 -1.550000 -0.150000 1.250000 3.450000 -0.650000 4.950000 4.150000 -1.250000 3.050000 -2.050000 3.550000 2.250000 0.150000 -3.850000 -2.550000 -1.850000
21 94.6032502226 25.1921006389 -2.050000 0.750000 -0.050000 -1.050000 4.850000 -3.050000 1.850000 -2.750000 1.250000 -4.550000 1.550000 -0.250000 -4.750000 2.250000 -1.250000 -0.850000 -1.850000 -0.250000 -0.950000 3.750000 1.550000 3.250000 -3.650000 3.150000 -3.950000 4.950000 -1.750000 4.250000 -4.550000 1.950000 -0.850000 -3.050000 2.850000 1.950000 3.150000 -4.150000 3.550000 0.150000 1.050000 2.550000
22 48.5230181389 25.1921006389 0.750000 2.950000 4.050000 -0.750000 3.150000 -0.950000 -3.950000 1.150000 -3.750000 -0.650000 -0.750000 -0.150000 0.050000 -1.850000 3.850000 4.050000 -2.750000 -3.350000 4.150000 -3.150000 -3.650000 -2.850000 -0.650000 -3.150000 0.550000 -3.150000 -0.550000 -1.950000 -3.450000 1.850000 2.650000 -4.850000 3.350000 -2.850000 0.350000 4.550000 3.150000 -1.250000 3.350000 4.350000
23 27.3563790836 25.1921006389 1.450000 3.450000 2.150000 -4.350000 -4.050000 4.350000 -0.950000 4.050000 -2.850000 4.050000 0.050000 -1.850000 3.550000 -1.250000 0.650000 -0.650000 -2.550000 2.250000 -4.250000 2.550000 4.150000 -1.350000 2.350000 -1.350000 -0.150000 -1.950000 0.250000 -2.150000 4.050000 0.450000 -1.950000 -2.350000 4.250000 -1.950000 0.850000 1.150000 4.150000 1.150000 -4.750000 2.850000
24 69.9365828633 25.1921006389 -2.750000 -0.350000 4.250000 2.050000 0.750000 -2.850000 4.650000 4.450000 2.850000 -4.350000 -2.350000 -3.350000 4.050000 3.250000 0.150000 -3.350000 -1.250000 -3.950000 3.350000 -0.550000 -0.150000 4.650000 2.750000 -2.350000 -1.450000 4.550000 4.150000 3.350000 1.250000 0.850000 -0.750000 -0.350000 -3.450000 4.950000 4.850000 -0.050000 1.350000 -0.850000 -3.950000 0.850000
25 26.1995229990 25.1921006389 3.550000 -0.950000 -2.050000 -0.850000 -0.850000 -3.150000 -4.650000 -4.350000 -4.950000 1.450000 4.050000 -2.750000 4.450000 -4.250000 4.450000 -2.050000 1.450000 3.250000 2.350000 2.750000 2.750000 0.350000 3.550000 0.450000 -4.850000 -0.450000 0.650000 -2.050000 -4.250000 -0.050000 1.050000 4.650000 -1.850000 4.550000 1.250000 0.550000 4.650000 -1.650000 -0.150000 -3.250000
26 32.1679150903 25.1921006389 -1.550000 1.550000 -1.550000 2.950000 2.550000 2.150000 4.950000 3.250000 -2.550000 2.050000 1.350000 -1.350000 -4.550000 -1.750000 -0.050000 -4.250000 -0.050000 -1.350000 -1.550000 2.450000 -4.450000 1.850000 2.550000 -2.250000 4.250000 3.750000 -4.750000 -4.950000 -4.950000 -1.850000 2.250000 0.250000 2.350000 -3.350000 -2.650000 -3.450000 -3.850000 0.050000 0.950000 4.650000
27 19.7545053337 19.7545053337 -4.050000 -0.550000 3.750000 2.350000 -2.750000 1.550000 1.050000 4.150000 -3.350000 2.150000 0.150000 -3.850000 3.050000 -3.250000 -1.650000 -4.150000 -1.150000 -4.050000 3.750000 0.550000 3.350000 1.250000 0.250000 3.250000 -3.350000 1.950000 3.150000 -3.650000 0.150000 0.550000 -3.950000 -0.750000 0.650000 0.050000 0.550000 3.050000 -3.950000 -2.250000 -0.750000 1.850000
28 55.0690535873 19.7545053337 -4.550000 -4.350000 -1.050000 0.050000 -4.650000 3.650000 2.550000 -1.750000 1.850000 -0.450000 -3.650000 -4.150000 -1.250000 3.150000 3.550000 4.950000 -4.150000 -4.250000 -3.650000 4.150000 2.950000 0.950000 1.350000 -3.050000 -1.250000 1.650000 -4.350000 1.350000 3.850000 3.550000 1.350000 4.950000 -0.550000 4.650000 0.950000 3.350000 0.050000 -2.950000 -1.150000 1.750000
29 39.9920541516 19.7545053337 -0.450000 2.050000 1.550000 -3.150000 -3.350000 2.350000 -2.450000 -3.950000 -0.450000 -2.650000 -4.750000 0.850000 -2.050000 -0.750000 -3.750000 -3.050000 2.350000 2.750000 3.650000 4.550000 -0.950000 1.050000 -0.350000 -3.350000 2.450000 -0.250000 3.050000 -2.950000 3.350000 -4.050000 -1.150000 3.150000 1.050000 1.550000 -0.950000 4.750000 -4.650000 1.250000 -1.950000 4.450000
30 34.5019617224 19.7545053337 0.150000 -0.450000 -0.550000 3.050000 4.150000 3.950000 0.150000 2.050000 0.250000 -0.250000 1.150000 4.450000 0.150000 -2.150000 -1.950000 -1.650000 -0.250000 0.250000 -0.050000 1.050000 -4.750000 -1.050000 3.850000 -3.450000 2.150000 4.250000 1.150000 -2.450000 -0.550000 4.850000 -4.150000 -2.750000 -4.450000 3.950000 3.650000 -4.750000 -2.850000 2.650000 3.250000 -0.450000
31 45.0899030850 19.7545053337 3.050000 -2.050000 -3.350000 1.950000 0.850000 -4.950000 -0.050000 0.250000 4.050000 1.550000 -1.450000 -0.750000 1.950000 -2.450000 -4.450000 -1.250000 -0.550000 -4.450000 4.750000 -4.450000 0.650000 1.150000 -4.250000 -0.950000 -2.250000 -4.850000 -1.350000 -4.050000 -3.650000 -0.350000 1.950000 -2.250000 1.350000 0.150000 -4.550000 3.650000 -2.550000 -3.950000 3.950000 -1.450000
32 34.1297083118 19.7545053337 1.750000 -1.450000 2.250000 2.750000 3.250000 1.050000 3.550000 3.650000 2.450000 0.950000 0.550000 -1.150000 -0.050000 -2.850000 1.150000 4.350000 4.750000 2.350000 0.850000 4.050000 3.950000 1.350000 -2.850000 0.950000 3.450000 0.950000 2.950000 4.550000 1.550000 -3.650000 2.550000 0.550000 4.650000 2.050000 4.250000 -0.850000 3.050000 2.950000 1.750000 2.050000
33 28.1419197435 19.7545053337 -0.050000 1.350000 4.950000 3.150000 -2.450000 -0.050000 -0.650000 -4.650000 2.550000 3.150000 4.650000 3.250000 -4.050000 0.950000 3.050000 2.150000 4.950000 4.750000 -2.050000 3.250000 -2.350000 -2.950000 -1.950000 0.250000 4.350000 -3.750000 2.650000 -4.550000 2.750000 3.250000 -3.550000 -3.350000 -4.650000 2.250000 4.750000 -2.050000 -4.950000 -1.150000 -4.050000 -1.550000
34 38.1138656140 19.7545053337 -4.650000 3.250000 1.750000 -3.350000 -3.950000 -1.050000 -1.350000 3.450000 -1.850000 -4.650000 4.850000 -2.150000 0.650000 -2.050000 -1.050000 0.750000 1.150000 -0.050000 3.250000 0.050000 -1.050000 4.350000 4.150000 4.450000 1.550000 -4.350000 3.250000 4.050000 -4.650000 2.450000 -4.550000 3.850000 -1.250000 -3.250000 1.850000 -4.650000 -1.750000 -1.350000 1.650000 -4.450000
35 145.6789907226 19.7545053337 0.650000 2.150000 2.750000 -2.350000 1.650000 -2.050000 3.350000 -0.950000 3.050000 4.750000 -4.950000 -4.750000 -4.250000 3.350000 -0.950000 2.050000 -2.850000 -4.150000 -1.050000 -1.650000 -0.750000 -1.950000 -4.850000 1.150000 3.950000 1.850000 -0.750000 0.350000 3.650000 -1.550000 4.550000 -4.650000 1.150000 -3.450000 -1.750000 -1.250000 -1.550000 -0.450000 4.650000 -0.650000
36 105.3836167884 19.7545053337 3.950000 -1.550000 1.050000 4.150000 -2.350000 -3.450000 2.150000 1.950000 -3.150000 -2.750000 1.450000 -3.650000 -4.350000 1.850000 2.650000 3.050000 1.850000 1.850000 -1.650000 1.250000 0.050000 -0.550000 -2.050000 -3.550000 3.550000 3.650000 -1.450000 -0.550000 -2.450000 -3.150000 0.650000 -1.850000 2.550000 -1.750000 -0.850000 2.650000 1.250000 -3.350000 3.750000 -1.650000
37 33.1265269971 19.7545053337 -2.950000 -4.150000 -1.350000 0.850000 3.450000 -0.350000 -3.250000 -3.050000 2.050000 -1.950000 0.950000 2.650000 2.450000 2.750000 0.050000 -4.750000 -2.150000 -0.650000 0.750000 1.550000 -2.250000 -2.750000 3.050000 3.050000 -2.650000 -2.850000 -0.650000 3.650000 3.150000 -3.550000 -0.650000 2.650000 2.650000 -0.950000 -3.250000 3.150000 -4.850000 -1.950000 2.450000 4.150000
38 54.0427997108 19.7545053337 0.550000 0.150000 -2.650000 -4.250000 4.750000 0.650000 4.450000 2.850000 2.650000 -3.850000 -2.750000 0.950000 -2.450000 3.050000 4.950000 0.250000 -3.250000 0.850000 -4.650000 0.150000 -1.650000 -2.650000 1.550000 0.550000 3.050000 -1.850000 -0.850000 -3.550000 -0.250000 -4.750000 1.650000 2.950000 -4.250000 -4.650000 3.750000 -3.550000 4.450000 4.550000 -3.750000 -0.750000
39 65.8123917995 19.7545053337 -2.850000 -2.850000 -1.950000 -4.950000 -0.050000 -3.750000 2.350000 3.950000 -2.650000 -1.450000 -4.450000 1.750000 4.950000 4.850000 2.850000 3.450000 4.150000 3.550000 -3.550000 1.850000 -0.050000 -4.450000 0.750000 -0.050000 2.250000 4.450000 -3.750000 3.150000 0.250000 4.150000 4.250000 0.950000 -1.950000 1.850000 -2.850000 -4.350000 -2.150000 -4.050000 -1.050000 -2.350000
40 38.1376491060 19.7545053337 -4.750000 0.450000 3.650000 -3.950000 -3.450000 -2.550000 3.650000 -0.850000 -0.850000 1.850000 -2.150000 4.250000 -2.550000 2.850000 4.750000 -2.850000 -4.850000 -1.650000 2.950000 -1.350000 -2.750000 2.950000 1.650000 2.750000 3.650000 2.350000 -3.950000 2.050000 2.850000 -3.250000 2.750000 3.950000 -0.150000 3.150000 -4.950000 3.850000 -1.450000 -2.150000 -4.650000 4.250000
41 36.6406763846 19.7545053337 -1.750000 -3.550000 1.250000 -2.750000 -0.150000 4.750000 -3.750000 2.550000 -3.650000 -3.050000 4.450000 -2.950000 1.450000 1.550000 1.450000 2.850000 -3.150000 1.550000 1.050000 2.950000 2.650000 0.450000 4.350000 0.350000 2.950000 -2.750000 -0.350000 3.850000 -4.750000 4.050000 3.450000 -4.250000 2.750000 -0.650000 -1.150000 -2.150000 1.550000 -2.050000 4.550000 1.350000
42 22.4304440305 19.7545053337 -1.850000 -2.150000 -2.150000 -4.750000 -4.850000 -1.350000 3.450000 -2.350000 4.950000 -2.350000 3.350000 -1.450000 2.750000 3.850000 0.450000 -2.250000 -1.550000 1.250000 2.550000 -3.650000 0.850000 -2.050000 -4.050000 1.250000 -0.050000 3.450000 -1.050000 0.450000 -3.950000 -2.150000 0.350000 3.450000 -0.050000 -2.950000 0.650000 4.250000 1.050000 -0.950000 -2.150000 0.150000
43 60.0762476276 19.7545053337 -2.250000 0.950000 3.950000 -0.150000 2.250000 2.550000 -4.150000 -0.250000 -4.350000 3.550000 3.750000 4.750000 -3.550000 -3.450000 -4.950000 -2.550000 -4.650000 4.950000 2.850000 3.150000 -3.350000 -4.950000 -0.950000 -1.650000 -3.250000 1.050000 2.150000 4.650000 0.750000 3.850000 0.450000 1.450000 -4.050000 -3.150000 4.950000 -4.950000 4.250000 -0.050000 0.850000 2.750000
44 77.7373381363 19.7545053337 -3.450000 -4.750000 -2.250000 -1.650000 -2.250000 -1.650000 4.550000 -0.450000 2.350000 4.650000 4.550000 -2.850000 -0.250000 4.250000 -4.050000 2.450000 -0.750000 -0.950000 -0.750000 1.450000 -1.750000 2.750000 -1.750000 0.050000 -4.150000 3.850000 -3.350000 2.750000 4.850000 2.250000 3.850000 4.450000 0.950000 -4.550000 -4.650000 -0.250000 1.150000 -2.750000 3.850000 -3.850000
45 49.9287269619 19.7545053337 -0.650000 2.850000 -3.650000 3.750000 0.250000 1.150000 2.050000 -2.950000 -4.250000 4.250000 1.750000 -3.950000 -1.850000 3.450000 2.550000 -3.550000 -4.250000 -4.950000 0.550000 4.950000 4.050000 3.350000 -0.550000 0.750000 3.250000 -2.250000 -0.150000 -0.150000 1.950000 2.850000 4.750000 3.750000 -3.150000 -0.050000 -4.750000 -3.750000 -4.150000 -3.750000 -0.050000 2.350000
46 23.6451321244 19.7545053337 -0.850000 1.250000 -1.150000 3.450000 3.550000 -3.350000 -1.850000 -3.450000 3.650000 -2.450000 -1.250000 3.850000 -1.150000 -3.050000 -2.350000 3.850000 -3.850000 2.150000 -0.250000 3.450000 -4.350000 2.550000 0.350000 -0.450000 -3.550000 3.150000 -2.550000 -2.650000 -3.050000 1.050000 0.550000 -2.950000 0.150000 -4.150000 3.350000 0.250000 0.950000 -3.150000 -1.250000 4.950000
47 99.2628625610 19.7545053337 -0.150000 3.650000 -1.850000 -2.550000 -0.750000 3.850000 -2.550000 4.750000 4.150000 -0.850000 -2.550000 -1.750000 -1.350000 -1.050000 -0.450000 -0.450000 0.450000 3.150000 1.550000 -2.850000 0.950000 0.050000 -4.650000 -1.850000 -4.550000 -2.650000 1.950000 1.550000 0.550000 1.650000 1.850000 -4.150000 0.350000 0.750000 -1.850000 1.350000 -2.950000 -4.450000 4.350000 -2.550000
48 25.7351459555 19.7545053337 0.950000 -3.850000 3.050000 -0.550000 -3.050000 4.650000 -2.850000 -4.450000 1.350000 -1.550000 2.750000 -2.050000 -2.350000 1.150000 -4.850000 4.650000 0.350000 1.450000 -1.150000 -4.050000 -2.450000 -2.550000 4.850000 -2.850000 -1.850000 0.450000 3.850000 0.150000 -2.750000 2.050000 -4.850000 1.350000 0.750000 2.650000 -2.450000 -2.750000 -0.450000 -4.950000 1.150000 0.550000
49 22.7712763602 19.7545053337 2.150000 0.250000 4.450000 -3.550000 2.750000 0.050000 -2.650000 -2.550000 -1.250000 3.450000 3.850000 2.750000 3.850000 -3.850000 -3.850000 4.550000 -3.450000 -4.850000 0.650000 -4.150000 -0.250000 -1.150000 0.450000 -0.850000 1.450000 -2.350000 0.450000 -2.750000 -0.050000 -1.150000 -2.250000 2.250000 -0.650000 -1.150000 -1.250000 1.650000 -2.250000 1.950000 -0.850000 -1.350000
50 33.9650223611 19.7545053337 0.850000 -1.050000 -0.150000 1.050000 1.250000 4.950000 -0.850000 0.850000 3.450000 0.450000 -2.850000 -4.450000 4.650000 -0.650000 1.850000 -4.350000 2.550000 1.950000 4.950000 3.850000 1.250000 2.150000 -2.350000 3.550000 -4.250000 1.250000 1.850000 -4.150000 -2.950000 -1.250000 -0.150000 -3.550000 -1.750000 2.850000 -4.050000 -4.550000 -3.350000 -2.550000 -3.650000 -0.850000
51 25.3976485846 19.7545053337 4.750000 4.650000 0.850000 4.850000 2.450000 3.050000 -2.250000 0.550000 0.650000 4.350000 -3.050000 -4.350000 1.650000 0.650000 3.450000 3.350000 0.050000 2.450000 0.050000 -0.950000 1.850000 -0.350000 -4.550000 -2.150000 -1.950000 -4.050000 1.550000 3.950000 -4.050000 -4.950000 1.550000 -1.450000 1.850000 1.650000 2.750000 -1.950000 -0.750000 3.350000 4.450000 2.150000
52 87.1329273497 19.7545053337 -4.150000 1.750000 3.150000 4.750000 -2.150000 0.150000 2.850000 -0.150000 2.750000 0.550000 4.750000 -4.950000 2.050000 2.350000 4.150000 4.750000 -1.950000 3.050000 2.050000 -1.850000 -4.250000 3.650000 -0.850000 1.950000 1.350000 -2.150000 -3.550000 -1.250000 -0.450000 -0.750000 -1.850000 2.350000 3.950000 -2.150000 0.450000 2.750000 -4.450000 -0.650000 3.650000 0.250000
53 32.8459863996 19.7545053337 3.650000 -4.050000 -3.450000 3.550000 -4.950000 -0.550000 1.350000 -2.150000 -4.050000 3.950000 -2.250000 0.750000 -0.550000 1.350000 -0.550000 0.350000 3.350000 -3.650000 -3.150000 2.650000 4.650000 1.750000 3.150000 -2.450000 1.650000 0.350000 -3.150000 1.850000 -1.550000 -2.250000 2.050000 -2.450000 -1.350000 -1.350000 -4.850000 -1.050000 2.350000 3.550000 0.150000 -3.750000
54 60.2415769462 19.7545053337 0.350000 -3.950000 0.550000 3.850000 -1.850000 3.450000 -4.950000 -2.650000 1.950000 1.150000 2.050000 -4.550000 -4.850000 3.750000 -0.750000 -4.050000 -0.350000 4.650000 1.150000 4.450000 -2.650000 -0.450000 1.750000 4.350000 -0.650000 -1.450000 -4.650000 4.450000 -1.850000 3.050000 2.850000 -4.550000 4.750000 2.150000 1.950000 0.850000 0.250000 -4.750000 -2.450000 0.750000
55 23.2497198315 19.7545053337 4.350000 0.650000 -0.250000 0.650000 -2.850000 0.450000 -3.650000 1.550000 -2.050000 -0.150000 1.250000 4.850000 4.550000 -3.650000 3.950000 -0.250000 0.650000 2.650000 0.350000 2.350000 -2.950000 -2.350000 -3.050000 4.250000 4.050000 0.650000 3.350000 -1.550000 2.650000 4.550000 -0.950000 -0.450000 -2.550000 -3.950000 -2.350000 -3.350000 1.750000 0.350000 1.550000 3.850000
56 77.5944585166 19.7545053337 4.050000 -3.250000 -3.250000 -0.350000 1.850000 -2.650000 -2.750000 -3.850000 -1.950000 -4.950000 -0.350000 4.550000 -1.750000 0.250000 2.250000 -0.350000 -1.650000 4.350000 -2.250000 -3.750000 1.350000 3.850000 -3.950000 1.050000 2.850000 4.050000 -1.150000 2.550000 4.550000 -3.450000 -3.250000 2.550000 1.450000 -0.450000 1.750000 -1.350000 2.550000 4.150000 -3.350000 3.250000
57 32.4741184408 19.7545053337 -3.550000 -3.150000 2.950000 -4.850000 -1.250000 1.350000 -3.450000 -1.650000 0.050000 0.150000 2.650000 -0.550000 -4.150000 2.450000 3.750000 -2.450000 3.250000 -2.050000 2.150000 -0.850000 -1.450000 -3.250000 -2.750000 -4.450000 0.750000 -1.550000 3.650000 -3.450000 4.350000 1.450000 -2.650000 2.150000 -0.850000 2.450000 -1.350000 -0.150000 -2.650000 -4.150000 -4.250000 -2.850000
58 56.2554259403 19.7545053337 3.450000 -2.950000 -4.750000 -4.650000 1.950000 -0.250000 3.850000 2.950000 4.550000 1.350000 3.550000 -2.350000 3.950000 -0.450000 -2.050000 -3.650000 -1.450000 -0.750000 1.450000 -0.750000 1.450000 4.050000 -0.050000 -4.150000 3.350000 4.750000 -3.650000 3.050000 -1.750000 0.150000 0.050000 -0.150000 -2.350000 -2.750000 -0.050000 2.050000 -3.450000 -4.250000 4.950000 0.050000
59 39.9721537545 19.7545053337 -1.650000 3.950000 3.550000 4.550000 1.450000 -1.850000 -4.050000 3.050000 -3.250000 -4.450000 -4.250000 0.150000 1.250000 -2.350000 -4.550000 -0.550000 4.050000 2.550000 0.450000 0.250000 3.050000 2.250000 -2.150000 4.750000 -0.350000 -3.050000 -0.950000 -2.850000 -3.350000 -4.250000 1.750000 4.250000 -3.750000 3.850000 4.150000 3.450000 3.450000 -0.350000 1.450000 -2.650000
60 19.4455764916 19.4455764916 2.050000 -3.450000 4.850000 1.250000 -4.450000 -4.650000 -0.250000 -3.650000 -2.450000 -3.750000 -1.550000 -0.350000 -0.750000 -3.150000 4.550000 1.550000 2.650000 1.350000 -1.850000 -1.150000 2.050000 2.650000 -3.450000 -1.550000 2.650000 -0.350000 2.750000 -4.850000 1.350000 -4.450000 -3.850000 -1.550000 2.050000 -0.550000 4.650000 -3.150000 1.450000 3.150000 2.150000 -3.050000
61 39.8529329121 19.4455764916 1.650000 -4.650000 -4.950000 -3.750000 -0.950000 0.750000 2.950000 -2.250000 3.550000 -3.350000 2.150000 -4.250000 0.550000 -0.250000 -4.750000 1.350000 -3.950000 4.550000 0.250000 -1.250000 -2.850000 2.850000 0.150000 4.850000 -1.350000 0.850000 -4.050000 0.550000 -3.850000 0.650000 3.650000 0.050000 -1.550000 2.950000 -4.150000 -0.650000 -0.850000 3.650000 -0.350000 2.650000
62 95.0524158227 19.4455764916 2.750000 -4.850000 -4.450000 -2.150000 4.650000 4.850000 -0.150000 -0.550000 -2.750000 -3.450000 0.750000 1.650000 -3.250000 3.650000 -0.250000 1.450000 2.750000 4.150000 -3.450000 -4.750000 1.750000 3.750000 2.150000 -4.850000 2.550000 -0.850000 4.450000 0.650000 1.450000 1.350000 0.950000 0.650000 3.250000 3.450000 -0.650000 -2.350000 -0.350000 0.450000 -2.050000 -3.450000
63 130.9354409803 19.4455764916 -3.650000 -4.450000 -4.550000 -4.550000 3.350000 0.850000 -3.150000 3.850000 -0.750000 -3.150000 -2.950000 4.150000 1.150000 4.950000 1.050000 0.150000 -2.350000 -4.550000 -4.450000 -2.450000 -0.550000 -4.350000 -1.850000 -0.150000 -4.950000 2.450000 2.850000 0.750000 3.050000 2.650000 -1.250000 3.350000 0.050000 -2.550000 2.150000 2.350000 -1.150000 -4.350000 -2.350000 -2.050000
64 135.9047006796 19.4455764916 1.350000 -4.550000 -4.850000 1.350000 -2.050000 3.750000 2.750000 4.250000 -4.150000 -2.950000 -2.450000 3.350000 -0.150000 1.750000 -3.450000 -2.650000 1.550000 3.450000 -1.750000 -2.250000 3.650000 2.350000 2.950000 -3.950000 -2.750000 3.550000 4.950000 -0.450000 -1.950000 -1.050000 -2.750000 -3.250000 -1.150000 -4.850000 4.350000 -2.250000 0.650000 0.550000 -2.950000 3.950000
65 39.8929457089 19.4455764916 -3.950000 1.950000 1.350000 2.150000 -1.150000 -4.550000 -3.550000 3.350000 -2.250000 -2.050000 -0.450000 -3.750000 -1.950000 -0.850000 4.050000 3.150000 0.750000 -4.650000 -0.850000 -3.350000 0.150000 1.550000 1.450000 -0.350000 -4.450000 4.350000 -3.050000 -3.150000 -4.450000 0.050000 -4.450000 -3.150000 3.550000 -1.050000 3.250000 1.750000 -3.550000 1.850000 -2.650000 -3.650000
66 38.2999606669 19.4455764916 0.050000 1.150000 -3.850000 4.250000 0.450000 -0.750000 -2.050000 0.750000 -0.550000 1.250000 -1.150000 1.550000 3.350000 1.650000 -0.150000 -4.450000 3.050000 -1.250000 -2.850000 -0.450000 3.550000 4.750000 3.350000 -1.150000 0.650000 1.350000 1.750000 1.050000 -3.550000 -1.950000 0.150000 1.550000 -1.450000 1.150000 2.050000 -2.450000 3.750000 -3.450000 -0.950000 4.750000
67 30.2584601681 19.4455764916 -3.850000 4.350000 -4.050000 3.250000 -3.750000 1.650000 -3.350000 1.250000 4.850000 -1.150000 3.450000 0.050000 -0.650000 2.150000 -3.350000 -2.350000 -0.150000 -2.550000 -4.950000 -4.850000 -1.550000 3.950000 2.650000 4.150000 -3.450000 2.050000 -3.850000 2.650000 2.350000 -4.150000 -4.050000 3.250000 -3.950000 -2.650000 -1.050000 -2.850000 -4.550000 2.350000 -3.050000 -4.550000
68 85.6363371601 19.4455764916 -2.650000 -1.150000 -1.250000 -2.050000 2.850000 -2.350000 -4.850000 -1.350000 0.950000 1.750000 -0.850000 -0.050000 -3.850000 -0.550000 -1.350000 -4.950000 1.050000 -3.850000 3.850000 -3.050000 4.950000 0.650000 -4.450000 3.750000 -0.550000 2.750000 0.150000 -2.550000 1.050000 -2.650000 -1.450000 1.050000 4.450000 -4.350000 -0.150000 0.450000 -2.350000 -1.450000 -4.550000 -4.350000
69 51.7218842584 19.4455764916 2.250000 2.250000 -4.250000 -0.250000 -1.050000 1.950000 3.750000 -4.050000 3.350000 -1.350000 -3.250000 2.950000 0.850000 0.350000 3.650000 2.350000 2.050000 -1.450000 1.350000 -0.250000 3.150000 -0.050000 4.550000 -3.650000 -2.950000 3.050000 -4.950000 0.850000 -0.150000 -4.350000 -4.250000 -3.650000 0.450000 -4.750000 4.450000 4.350000 -0.150000 4.950000 3.150000 -0.150000
70 32.7059865211 19.4455764916 -1.150000 -0.750000 2.650000 -3.650000 0.650000 -1.750000 -2.350000 3.550000 3.750000 -0.050000 -3.150000 -3.550000 2.850000 -2.750000 2.050000 2.950000 -2.650000 4.050000 -3.850000 2.050000 -0.650000 -0.150000 3.450000 2.350000 4.850000 -3.250000 0.750000 -1.750000 -0.950000 -2.950000 -4.350000 0.750000 -4.950000 4.050000 3.850000 -4.850000 -0.950000 -2.650000 2.950000 -4.150000
71 50.2847589650 19.4455764916 1.150000 3.350000 3.250000 3.350000 0.150000 4.550000 -3.050000 -1.950000 -1.050000 4.450000 2.850000 1.250000 4.150000 -0.050000 2.450000 0.850000 -0.450000 2.850000 -3.050000 4.350000 4.250000 -3.450000 0.550000 -4.750000 1.750000 -2.550000 -1.650000 1.650000 0.950000 4.650000 2.450000 -1.750000 -2.450000 4.150000 2.550000 -1.750000 4.350000 4.650000 3.450000 1.650000
72 33.6030128945 19.4455764916 2.450000 0.850000 2.050000 4.050000 3.750000 0.950000 3.150000 -2.050000 2.150000 2.350000 -0.150000 1.150000 4.250000 -3.950000 -4.150000 1.150000 -3.750000 -2.250000 3.550000 4.750000 1.050000 -1.850000 3.650000 -1.750000 3.850000 -2.450000 0.350000 -0.950000 -3.750000 -2.750000 -4.650000 3.050000 -3.550000 -4.050000 3.450000 -3.050000 2.250000 3.950000 -2.250000 -3.150000
73 49.1088538686 19.4455764916 4.650000 4.150000 -3.150000 4.350000 4.250000 -1.150000 1.650000 -4.250000 -0.650000 -2.550000 0.450000 -1.250000 3.450000 -1.550000 0.550000 -4.850000 -3.350000 -2.150000 -4.550000 4.650000 3.850000 0.850000 -0.150000 -1.250000 -3.050000 -4.950000 -1.250000 -0.250000 0.650000 -1.650000 3.050000 -4.750000 2.150000 -2.250000 -3.150000 -2.650000 -4.750000 2.750000 -0.550000 -0.250000
74 50.5575297805 19.4455764916 2.650000 -1.750000 -1.750000 0.750000 3.050000 -1.450000 0.250000 1.350000 4.250000 0.850000 4.350000 -2.450000 -2.150000 4.550000 -2.150000 1.750000 -0.950000 -0.150000 1.850000 0.350000 1.650000 -3.150000 1.850000 3.450000 1.050000 2.150000 0.550000 -2.350000 -2.150000 3.450000 -0.250000 2.750000 4.050000 1.050000 -0.550000 2.950000 3.350000 -2.450000 4.150000 -4.850000
75 116.7250792004 19.4455764916 4.150000 -0.850000 -0.350000 4.450000 -3.150000 -3.250000 2.450000 3.150000 -0.250000 2.250000 -2.050000 -0.450000 -3.750000 -3.350000 -0.850000 -3.450000 1.350000 1.150000 -0.650000 1.750000 -4.950000 3.050000 -3.350000 -3.750000 2.050000 3.250000 2.550000 4.850000 0.350000 -3.850000 1.450000 -0.950000 -2.050000 0.350000 -1.550000 -3.250000 2.050000 -4.550000 2.050000 -1.250000
76 17.5411512873 17.5411512873 -0.550000 2.550000 2.850000 -2.250000 -1.950000 3.550000 1.950000 -1.550000 4.750000 0.250000 -4.850000 -2.250000 3.150000 -4.850000 4.650000 -1.050000 -2.950000 3.750000 -2.150000 -2.750000 -3.050000 -2.250000 0.950000 2.950000 -3.850000 -3.850000 3.550000 -3.750000 3.550000 1.150000 -0.350000 0.850000 0.850000 -1.450000 -4.450000 0.350000 -1.250000 4.350000 -1.450000 -4.050000
77 67.5091778201 17.5411512873 -4.850000 -0.150000 -0.950000 2.850000 4.350000 -4.350000 -2.150000 -4.950000 -0.150000 0.050000 -3.750000 0.450000 -4.650000 -2.950000 -4.350000 3.750000 4.450000 3.850000 -0.550000 -0.150000 -1.950000 4.850000 -3.150000 -2.050000 1.150000 0.550000 2.450000 -4.450000 2.950000 3.150000 0.250000 4.350000 -3.850000 4.450000 -3.050000 4.050000 -1.850000 -1.850000 -1.550000 -1.150000
78 23.4753230569 17.5411512873 -2.350000 -1.350000 4.650000 -1.950000 -1.350000 1.850000 1.150000 4.950000 0.850000 2.950000 1.650000 -2.650000 1.550000 4.650000 2.950000 0.950000 -2.050000 -3.050000 -2.350000 1.950000 2.150000 1.950000 1.250000 -0.750000 2.750000 2.950000 2.350000 1.750000 -4.850000 2.150000 1.250000 -0.250000 -2.250000 0.250000 1.450000 -2.950000 0.750000 -0.250000 0.750000 -0.350000
79 23.9871181901 17.5411512873 -1.350000 3.150000 -0.850000 1.550000 -0.350000 -1.950000 -1.450000 -2.450000 -1.650000 -4.150000 3.650000 -0.950000 0.350000 -2.650000 3.350000 -1.750000 -2.250000 -0.350000 -2.550000 0.650000 -3.950000 -4.750000 -3.750000 -1.450000 -0.750000 -0.950000 -2.450000 -2.250000 1.850000 0.250000 -1.550000 -2.650000 3.850000 -1.550000 -0.250000 0.150000 -0.550000 -3.050000 -0.250000 -2.250000
80 41.2431140274 17.5411512873 4.550000 -3.650000 4.550000 -4.450000 -1.750000 -1.550000 0.550000 -0.650000 0.350000 3.650000 -2.650000 2.250000 1.050000 0.550000 -1.450000 1.950000 1.250000 -3.450000 4.450000 3.350000 4.550000 -3.750000 -1.450000 2.150000 -4.650000 2.850000 -1.950000 -1.450000 4.950000 1.250000 1.150000 -0.850000 -0.950000 -1.250000 -3.450000 0.750000 4.850000 3.050000 -0.450000 -2.950000
81 46.0228699257 17.5411512873 -3.250000 -2.750000 -4.150000 2.550000 -3.250000 -0.450000 -0.350000 -4.550000 -1.450000 -0.350000 -0.650000 3.950000 3.750000 -1.650000 3.150000 4.250000 2.150000 -2.650000 -2.450000 -3.450000 3.750000 4.950000 -4.950000 3.850000 -2.150000 -2.050000 2.050000 -3.950000 2.250000 -2.050000 4.850000 4.850000 -4.350000 -0.350000 -0.350000 4.650000 0.350000 -3.250000 2.250000 -1.050000
82 30.1471083705 17.5411512873 0.250000 2.450000 1.850000 1.750000 -3.550000 4.150000 -4.550000 1.450000 3.850000 3.750000 0.250000 3.550000 1.350000 -0.150000 -2.250000 1.050000 2.950000 0.650000 -4.050000 -4.550000 -3.250000 -0.950000 1.150000 0.150000 -1.150000 -3.650000 -2.050000 0.950000 -0.350000 4.450000 3.350000 1.750000 -3.650000 0.450000 2.450000 3.550000 3.650000 -4.850000 2.850000 2.450000
83 29.8143852728 17.5411512873 2.550000 0.550000 -2.350000 -3.050000 2.050000 0.550000 0.050000 0.450000 3.250000 1.050000 2.250000 -1.550000 3.250000 1.450000 1.950000 -0.950000 -1.050000 -1.950000 3.150000 2.250000 1.150000 -2.150000 0.850000 4.050000 0.950000 -3.450000 -4.150000 3.750000 -2.050000 -0.250000 3.950000 -4.350000 -4.750000 -0.150000 -3.750000 1.950000 2.150000 4.750000 -3.450000 3.350000
84 49.6326076615 17.5411512873 -4.350000 -4.250000 0.350000 4.650000 -4.150000 0.350000 -2.950000 0.650000 0.150000 -0.550000 -4.650000 2.550000 -4.950000 2.650000 1.650000 2.250000 0.250000 4.450000 -3.250000 2.850000 2.850000 -4.150000 -2.550000 4.950000 0.450000 3.950000 4.650000 -1.650000 4.250000 3.650000 -4.950000 -1.050000 -4.550000 -4.250000 -1.450000 -3.850000 -1.350000 0.750000 -3.250000 3.050000
85 217.0168209111 17.5411512873 1.050000 4.950000 3.450000 1.150000 4.050000 -3.850000 3.050000 2.450000 -1.350000 3.850000 -1.350000 -4.650000 -2.950000 1.950000 1.350000 -1.350000 4.650000 -4.750000 -4.750000 0.750000 0.450000 -4.050000 -2.950000 -2.550000 4.550000 -0.650000 4.850000 -0.650000 4.150000 3.950000 0.850000 -0.650000 2.250000 -1.850000 -4.250000 -3.950000 -3.150000 1.550000 -4.950000 2.950000
86 78.4014942355 17.5411512873 -3.750000 -0.050000 0.050000 -1.350000 2.950000 -4.050000 -3.850000 0.050000 3.950000 1.950000 -1.750000 1.050000 -1.050000 2.950000 -3.250000 4.450000 4.250000 0.750000 2.750000 0.850000 -4.850000 4.150000 -3.250000 -2.950000 -4.750000 2.550000 0.050000 2.850000 1.150000 0.350000 -2.950000 4.750000 -1.050000 -4.450000 -2.950000 4.150000 0.450000 -2.350000 0.650000 -3.550000
87 24.8620559635 17.5411512873 -1.250000 1.050000 -1.450000 3.950000 0.050000 -3.650000 1.250000 -0.750000 -2.950000 2.450000 2.350000 -2.550000 0.950000 -4.450000 4.250000 -0.050000 1.650000 -0.850000 -2.750000 3.550000 -3.550000 -1.550000 4.450000 -1.050000 -4.350000 1.450000 -4.850000 -3.250000 2.450000 -3.350000 3.550000 -2.850000 -4.150000 3.250000 -2.150000 0.950000 0.850000 4.450000 -1.350000 3.450000
88 28.7945279575 17.5411512873 0.450000 1.450000 0.150000 -2.850000 -0.450000 -0.850000 0.950000 -1.850000 -0.950000 -0.750000 2.450000 3.050000 -0.850000 0.450000 0.750000 1.650000 0.850000 3.650000 -4.150000 -1.750000 -0.850000 3.150000 4.750000 0.650000 3.150000 2.650000 -4.550000 4.350000 -1.350000 4.250000 -1.750000 1.250000 1.250000 0.550000 0.250000 2.850000 3.250000 2.050000 3.550000 1.950000
89 30.6180000220 17.5411512873 2.350000 3.850000 0.450000 -3.850000 -0.250000 2.250000 -0.450000 2.650000 -1.150000 3.350000 3.950000 4.650000 1.850000 -3.750000 3.250000 -0.750000 3.150000 2.050000 -2.950000 3.050000 -4.650000 0.150000 -4.750000 1.650000 4.750000 -4.250000 4.550000 0.250000 2.150000 -1.750000 -4.750000 -1.350000 3.650000 -0.850000 -0.750000 2.550000 3.850000 0.250000 2.750000 -4.750000
90 13.7424220608 13.7424220608 -3.150000 1.650000 -1.650000 -1.550000 -4.350000 4.050000 4.350000 -3.250000 -3.450000 -1.850000 -3.350000 0.550000 2.150000 -1.450000 4.350000 4.850000 0.150000 -1.550000 -3.350000 0.950000 4.450000 -0.850000 -2.250000 1.850000 -0.250000 -0.050000 1.650000 -0.350000 -0.750000 2.350000 -3.050000 1.950000 2.950000 2.550000 2.350000 -1.550000 -3.750000 -0.750000 1.250000 3.750000
91 117.6220342315 13.7424220608 -4.950000 -3.750000 2.350000 4.950000 2.650000 -4.450000 -4.350000 4.350000 -3.050000 4.150000 -1.850000 1.850000 -3.650000 4.050000 -1.150000 3.950000 -0.850000 3.350000 2.450000 -1.050000 2.350000 -2.450000 -1.250000 -2.750000 -3.150000 0.750000 3.450000 -1.350000 -1.050000 -0.850000 2.150000 -2.050000 4.350000 3.050000 1.650000 -1.450000 -3.250000 1.050000 -1.650000 3.150000
92 46.2550010991 13.7424220608 4.850000 -1.650000 1.450000 2.250000 2.150000 -4.250000 1.550000 -3.550000 1.050000 -4.850000 -4.350000 3.750000 -0.350000 0.050000 -2.850000 -2.750000 -3.550000 0.050000 4.550000 1.350000 -1.350000 1.450000 2.050000 2.550000 4.950000 -1.050000 -2.350000 -1.850000 3.250000 -4.850000 -2.050000 1.850000 3.150000 0.950000 -3.950000 -1.650000 -3.050000 1.450000 1.850000 1.250000
93 35.0981692670 13.7424220608 -1.050000 2.350000 -4.350000 -0.650000 1.350000 2.750000 -4.750000 -3.350000 1.750000 -1.750000 3.050000 0.650000 -2.750000 4.750000 0.850000 0.550000 -2.450000 -3.150000 0.950000 -2.050000 3.450000 0.750000 -2.450000 1.450000 -2.450000 1.550000 -0.250000 1.250000 2.550000 -2.450000 3.150000 3.550000 1.550000 3.750000 1.550000 -0.550000 -0.650000 4.250000 -4.350000 -0.550000
94 28.3886511852 13.7424220608 -4.250000 4.250000 -4.650000 2.450000 -4.750000 1.250000 2.650000 -1.450000 -4.450000 4.550000 1.950000 -4.850000 -1.450000 0.750000 0.250000 2.750000 -4.450000 -2.750000 4.050000 -1.450000 1.950000 -4.250000 -2.650000 4.650000 2.350000 -4.450000 -2.850000 -1.150000 1.750000 -0.550000 3.250000 -1.650000 -3.350000 1.350000 -2.550000 -0.450000 2.450000 3.750000 -3.150000 0.650000
95 46.8674509492 13.7424220608 -1.450000 4.450000 0.950000 -1.750000 4.550000 3.150000 4.750000 4.850000 -3.950000 -4.250000 2.550000 -0.850000 -2.250000 -3.550000 -2.650000 3.250000 0.950000 -0.550000 1.250000 3.650000 2.250000 -0.250000 1.950000 -4.050000 -0.950000 1.150000 -2.650000 -0.850000 -2.650000 4.350000 0.750000 1.150000 4.150000 3.550000 -3.650000 1.850000 3.950000 1.650000 -4.150000 0.450000
96 80.2260654019 13.7424220608 -2.150000 -0.650000 -2.550000 -0.050000 -0.650000 -4.850000 1.750000 -0.050000 -2.350000 -1.250000 -0.550000 1.450000 1.750000 0.850000 -4.650000 -2.950000 4.550000 -2.450000 -1.450000 -3.550000 -1.150000 2.450000 2.850000 0.850000 -4.050000 -3.950000 0.950000 0.050000 1.650000 -3.750000 4.650000 -1.950000 -2.650000 4.850000 3.950000 4.450000 -1.050000 3.450000 0.550000 -4.650000
97 53.7896498426 13.7424220608 -0.950000 -4.950000 3.350000 1.650000 -2.650000 -4.750000 -4.250000 -3.150000 -3.850000 -3.650000 -3.450000 -1.950000 -3.050000 -1.950000 2.750000 -4.650000 -4.950000 -1.850000 4.350000 -4.350000 2.550000 2.050000 -1.550000 -4.250000 -0.850000 -4.650000 -1.850000 2.350000 3.950000 -4.650000 -0.450000 -0.550000 -0.750000 -3.550000 1.350000 -1.150000 4.550000 0.650000 4.050000 0.350000
98 46.4329390670 13.7424220608 3.350000 -0.250000 4.750000 0.350000 -1.550000 -0.150000 -1.950000 2.150000 -2.150000 -3.550000 3.250000 2.450000 0.450000 -0.350000 -2.450000 -0.150000 4.850000 0.150000 -3.950000 -1.950000 0.250000 -4.850000 -4.150000 2.250000 -2.550000 -1.350000 4.750000 -1.050000 -1.150000 -1.450000 -1.650000 2.850000 0.250000 1.450000 0.150000 -3.650000 -3.650000 -1.550000 4.750000 -2.450000
99 172.4064796278 13.7424220608 2.850000 -2.350000 -3.950000 1.450000 3.650000 2.050000 4.050000 1.750000 -4.850000 0.350000 -3.550000 -3.250000 -3.350000 -1.350000 -1.750000 -3.150000 -3.650000 4.850000 2.250000 4.250000 -1.250000 0.250000 -1.350000 -3.250000 -3.650000 1.750000 -2.750000 2.250000 4.750000 2.750000 4.350000 0.450000 1.650000 -2.350000 1.050000 -4.450000 -2.450000 -0.550000 2.550000 -0.050000
100 62.6818112573 13.7424220608 3.150000 -1.850000 1.650000 0.150000 0.550000 3.250000 3.250000 4.550000 -4.550000 3.050000 4.250000 -4.050000 4.750000 4.150000 -3.050000 -1.550000 2.250000 0.350000 -1.350000 -2.950000 0.350000 1.650000 3.750000 3.950000 0.050000 4.150000 0.850000 4.150000 3.450000 2.550000 -3.150000 1.650000 -2.850000 3.350000 2.950000 3.750000 -2.750000 2.150000 -4.450000 -0.950000
101 71.8396196118 13.7424220608 0.237160 4.160474 1.714238 -2.735019 1.157992 -0.949958 -0.963577 -4.022874 -4.910983 0.061301 -3.637040 2.845337 -2.990985 -1.225506 1.102957 2.988857 3.409628 -3.251487 -4.871257 -0.289743 0.774681 -1.527678 -1.527795 -0.442954 0.154590 -1.495232 -3.168414 4.041323 0.048234 3.853743 2.954684 -2.200629 3.756292 -2.909835 3.262839 0.304486 -1.243543 -0.624203 -2.784768 -3.471791
102 34.9675636516 13.7424220608 4.394448 -2.205955 2.494080 -2.359829 -0.448110 2.078108 -0.534954 -2.503467 -0.771237 -0.203241 -1.388563 -2.354286 -1.273694 0.243389 -0.364911 -0.515196 4.028714 -4.510620 3.214299 4.795446 3.835809 -4.972824 -4.451495 4.519701 -3.289816 1.614611 -3.252909 -3.882570 3.235050 4.015562 -2.384601 -1.350909 2.253733 2.436118 -2.532160 -2.136127 1.380199 -0.397429 -2.371899 -3.486973
103 77.8306821992 13.7424220608 4.075244 3.142917 -2.161392 -0.169315 1.704562 -2.741772 3.058240 -2.536305 4.911079 1.048935 -3.650303 0.871816 -0.740540 -2.351043 3.838651 4.015241 -0.646512 2.213806 4.082299 -0.608849 -0.764508 -3.220457 -0.405742 2.487873 -4.029153 2.435619 -1.349105 0.966984 2.903412 2.912338 1.982109 -2.172029 0.908745 1.736966 1.948048 0.572052 -3.570793 2.643865 1.132239 4.516444
104 89.2615700497 13.7424220608 3.571200 3.540405 -1.201786 -3.937557 2.061080 4.843069 0.878932 2.913981 4.553852 -1.705040 -2.308340 3.239529 -3.308917 -3.026137 3.398772 -4.584888 -0.970285 4.284629 2.025840 3.735525 2.038741 1.844277 -1.867397 -2.076139 -3.786799 -2.968131 2.023372 2.431951 -2.805966 0.535145 -4.769169 -3.597724 3.039592 1.320750 -1.791574 -0.924626 4.761898 -3.909571 3.288807 -0.035710
105 40.3745693570 13.7424220608 2.828756 1.820927 -1.016440 -3.045987 -4.543614 1.263719 2.453748 0.951803 3.633251 0.266377 -3.499244 -1.758607 0.465408 -4.435033 -2.596126 4.575813 3.647900 0.364088 2.769075 -4.240298 2.949770 0.751579 -0.332145 -2.355535 2.399631 3.656998 3.295892 3.681887 0.461296 3.815740 4.497603 -3.741089 2.476483 3.230824 1.513052 -2.506254 3.128091 0.775137 1.052994 2.680160
106 28.2898758043 13.7424220608 -1.056007 -0.100857 -3.083026 2.142329 -2.083196 4.233006 -4.168229 4.630931 -1.059641 4.626703 -1.039801 0.107462 3.882744 -2.904582 -2.153458 1.518495 4.464514 0.182725 -1.474652 -2.948757 1.337557 3.450213 3.281423 -1.162102 4.721849 1.633133 2.198808 3.347157 3.175038 -3.361080 -2.924372 3.077025 2.234221 -0.147449 -2.668750 3.235410 -4.596808 0.124489 4.275870 2.569121
107 29.0141555451 13.7424220608 4.535037 2.295991 -0.417444 -3.851101 1.152154 -3.302617 0.691199 -2.666236 -2.670029 2.112641 -3.089751 -0.610809 3.980581 4.763291 3.808798 3.239789 -3.335727 2.691535 -1.530758 2.775601 0.282954 -2.938334 3.547558 0.474978 1.546486 -3.323488 4.108722 1.503155 -3.625417 0.626263 -4.393751 1.557976 1.673724 -1.189401 2.155079 4.472690 3.415884 0.760626 -1.713364 4.403464
108 25.3076456478 13.7424220608 -3.761228 1.771715 1.955624 4.607638 -4.117356 3.931921 4.881358 1.107242 -1.535276 -3.727910 0.141204 1.794064 -4.039756 -4.232567 2.060219 -0.744125 4.127170 -2.346457 -4.098746 -4.808175 -2.035357 3.122390 1.658637 -1.207009 4.965778 0.395527 -3.354133 -1.877363 1.448689 2.166461 -3.099876 -4.611058 -2.666523 -0.415333 -2.644330 -2.339915 -4.550559 4.885252 0.901093 2.524225
109 31.2960088486 13.7424220608 -2.380322 -4.539775 0.756629 -3.646528 1.111216 3.764755 3.639520 2.513481 4.334816 3.790503 -2.796756 4.785942 1.065966 -0.094634 3.420810 -2.488330 4.906481 -4.461658 -2.224719 4.657973 -2.466060 4.135247 -1.032344 3.722882 1.692547 -3.732107 -3.577213 0.837540 -4.505365 4.250756 0.351072 4.893730 2.211644 4.631546 0.393549 2.471715 -0.814749 1.331422 -0.249049 1.680008
110 49.4912888306 13.7424220608 0.825814 -0.967903 -4.809102 4.770806 -4.710469 4.368196 3.120564 3.044180 -1.948086 -1.893686 1.159360 0.133649 0.745021 -3.483568 -4.624711 -3.307248 2.033996 3.092169 -3.726776 2.374631 -3.986776 -3.334143 -2.673275 4.182546 4.610700 4.603330 3.403856 -0.569100 2.712149 1.617745 0.634739 -3.133856 0.262786 -2.003204 3.184174 -1.983217 1.662349 1.944728 1.440681 3.338422
111 35.3031990025 13.7424220608 2.768498 -4.617493 -4.276943 -4.278653 4.751300 -2.990076 -4.235540 -1.645377 2.364992 -1.416113 0.528273 4.291762 4.171827 -1.596154 -2.357179 -0.290316 -0.108015 0.211503 -2.883921 -4.581791 -4.680738 3.512105 -2.776082 -3.685004 0.144379 1.420261 1.436711 1.006176 1.202389 1.562986 -1.497164 3.305700 -1.603860 1.964141 2.111644 1.201282 2.603509 -4.866836 -0.175703 3.858129
112 22.1624416661 13.7424220608 -4.223092 -1.665119 -4.894853 3.274132 -2.198285 2.461555 -1.830184 0.838601 -2.007077 -0.738957 3.974233 -0.942933 4.404870 -2.915599 -0.258355 -1.212164 -0.732076 -2.710967 -4.114622 3.179948 -0.385853 0.752253 -0.846641 3.897141 -3.982264 2.106114 0.622146 0.265775 1.208292 -2.355653 0.285047 1.595626 4.005905 -0.289780 -0.824646 -4.588931 -0.760094 0.139285 -1.603500 -3.015578
113 68.8213211846 13.7424220608 -1.514393 -1.279999 4.012168 -3.135975 -2.644473 -2.650931 3.148459 3.551350 1.182491 -4.758275 -1.141494 -1.322697 -0.575222 4.018884 4.670737 -0.009617 0.143969 -2.282601 4.313764 0.927799 -1.721906 -2.132777 -4.135404 4.812337 -1.383374 -4.657060 -4.404373 2.603724 -4.895481 1.143004 -2.377145 -4.955116 3.884565 3.037512 -0.790707 3.545481 1.971877 -0.087234 4.702416 4.646045
114 33.1166472867 13.7424220608 3.105787 -1.377760 0.834009 1.183137 -0.557531 -0.700444 0.571833 -3.089790 -3.686187 -3.252659 1.488351 -2.484373 0.718864 0.829001 -3.107159 2.497546 -3.081702 4.978611 0.406664 -2.726952 4.804945 4.749282 -2.440051 -2.592945 0.764039 1.899275 -0.455289 -3.184796 2.727061 -1.624256 0.713235 -2.672117 -3.024036 0.813506 1.917464 -3.579352 -0.091162 4.976630 4.128289 1.357120
115 84.3874933918 13.7424220608 -2.816722 4.320667 1.533850 3.920480 -1.424775 -2.401665 -4.707902 -4.009399 1.451100 -2.151736 1.769063 -0.968342 -3.009246 -2.583728 -3.577090 0.005250 -0.227548 -3.006048 0.423108 -3.171168 4.940955 4.757001 -4.564909 3.807596 -1.989934 0.728133 1.029985 3.903434 3.881694 1.918778 3.927243 -2.258000 -3.180747 4.847330 3.822225 1.873177 -1.385291 -0.453927 -3.845041 -2.692961
116 52.7538359582 13.7424220608 2.023049 -2.877028 -1.946524 4.282209 -1.919193 -4.626974 -3.946118 -1.245362 0.449438 3.699863 0.089395 3.746422 1.524474 3.892761 -1.145059 -4.255205 -0.627639 2.583921 -0.515368 2.843750 -3.325818 1.496920 2.859799 0.635716 -3.388469 -4.507487 2.860602 4.251967 3.660770 2.188180 4.224890 -2.185534 -2.453247 -1.377681 -3.170269 -3.185935 3.769849 -0.943969 -2.162918 -2.796120
117 25.5396921639 13.7424220608 -3.210233 2.407235 1.094853 -4.770636 1.026916 -1.675662 2.674426 -0.664706 0.878939 0.309217 -1.152453 -0.817454 -1.176696 -1.778579 3.403078 4.032304 -2.090220 -3.561806 -3.940858 4.260538 0.341422 3.888245 -0.639916 1.545328 -3.287399 1.677610 -2.322146 -0.118070 -4.131672 -4.079658 2.236056 2.549896 3.873819 -1.171507 4.133320 -0.349273 -3.067019 3.900925 1.871173 -0.424259
118 32.3114624804 13.7424220608 -4.536163 -3.437582 3.113638 3.300082 -1.260142 3.068490 1.907480 1.919323 0.058932 -1.755545 -1.151632 -1.759544 0.243589 3.826069 1.125711 -0.361806 -4.472977 2.597446 -2.324502 3.064431 1.984562 -2.157703 2.365777 -0.820331 -3.682434 -0.185417 -4.871762 -3.190831 1.161233 2.985828 0.958156 -4.358253 1.776562 2.001776 4.868964 0.359135 0.428655 2.600886 -0.722043 0.202634
119 23.3444584588 13.7424220608 -4.700923 -2.065755 -1.404970 -3.902330 -3.752978 -3.233829 1.828201 -3.731606 0.164145 -1.168692 3.691029 -3.301313 -0.352373 -0.789691 1.397289 -4.577240 1.189072 4.097179 1.965023 4.512840 4.386210 0.953847 3.129509 -1.445468 -2.874332 0.203417 3.081514 2.935170 -1.972995 2.223757 -0.898402 -1.721524 -4.287204 -4.896338 0.094432 3.681819 -0.443779 -0.768356 0.677566 1.460365
120 33.7461849561 13.7424220608 -1.932530 2.368927 -1.939209 -1.720567 -4.824208 2.240635 2.726679 3.784972 -4.589352 2.195605 3.407622 -1.464751 -1.996521 1.148227 -0.812207 -1.566055 -2.151450 -0.098393 1.626681 -1.800454 2.009040 -2.750397 2.272097 4.071591 -3.680793 0.214319 3.821633 2.647865 -2.944994 -2.983873 4.978018 2.546266 2.503653 -0.335819 1.106970 -3.849271 -1.115850 0.713756 2.037205 3.592250
121 26.0527581871 13.7424220608 -3.928160 -1.846345 2.634425 -0.567054 -2.481911 0.056666 2.949771 -1.220848 2.524321 1.214006 -1.986239 0.511212 1.724716 -4.575644 -0.651325 -1.551461 3.975343 -1.303680 -2.706252 3.361060 -2.441163 2.956262 1.412069 2.491163 2.987140 -2.423567 -2.740019 2.420764 1.184611 4.141065 1.113992 -4.412530 1.337727 2.110913 -4.128414 -3.125518 -0.168287 4.288290 -3.818050 3.662543
122 137.2362031865 13.7424220608 -1.358390 -2.063075 3.602531 -2.997256 -2.115881 4.792904 -1.347779 2.237738 -3.505871 4.725082 3.144919 4.696219 -3.853577 3.220673 0.684398 -4.490202 2.364839 -4.312069 -1.028548 -4.745088 0.706986 -4.086149 -0.973217 2.752097 2.247082 -3.606160 3.822367 0.797784 2.898054 1.540044 3.761885 -3.563449 4.003755 2.430724 4.426587 -3.068421 -3.014772 -4.482784 2.534242 1.865622
123 27.1022891449 13.7424220608 0.195200 -0.396374 4.650356 2.545070 -0.416328 -2.090195 -3.703764 -4.267635 4.364582 2.818153 -0.995048 2.750226 0.275171 -2.613421 -3.044851 1.161650 -4.022146 3.168068 -2.661237 -3.300167 1.078488 -3.790059 0.893515 3.818303 4.984951 1.144144 -1.263521 2.695920 -0.972709 0.303437 3.048416 -4.480640 0.939599 -0.631263 -0.877776 -3.367100 3.613087 0.272153 -0.082145 -1.321450
124 69.4002848041 13.7424220608 4.963208 -0.270723 3.239099 3.341920 3.450794 1.751315 -2.275607 2.387958 -2.933644 3.681659 2.294615 4.406299 -1.779235 -0.644983 -1.661795 -1.573023 1.667361 -4.449201 -2.152572 4.053109 -0.841716 2.507629 3.672947 -2.382725 4.102333 0.700292 3.112839 -0.477355 3.638113 1.940195 4.114147 -4.273495 -4.443752 -3.273509 -2.410136 2.308679 4.336392 1.201244 -4.856841 -4.333410
125 58.2510133266 13.7424220608 -4.821581 -2.240331 3.078896 3.048394 0.658345 3.779325 2.935161 3.868557 -4.025838 2.355940 4.319752 -3.857391 -2.820024 -4.979633 -2.743880 -2.652862 -3.906421 3.164512 -2.609981 -2.274850 3.214105 4.226385 -1.988721 -4.754862 1.615625 4.012558 0.735483 -4.394802 1.939900 -1.147852 0.967309 3.137655 2.438069 -3.344728 1.660674 3.623990 -4.076905 4.933288 -2.581945 2.372718
126 34.6781320181 13.7424220608 2.190489 1.061869 -1.998560 -4.009588 -2.892917 3.596264 -2.256841 1.585048 -2.307419 -3.143854 -4.337842 1.632834 -1.537288 1.019236 0.528160 4.854058 -2.531194 -1.568506 -0.030882 0.784223 0.683351 4.659752 -1.744957 0.242264 -1.891041 -1.644970 -0.458604 0.295552 -0.890017 3.268510 2.886136 -3.869959 -1.674928 4.835969 4.400921 -4.454780 3.982598 0.377616 3.879218 3.314389
127 35.4481384904 13.7424220608 -3.967554 -2.623723 -4.766834 -0.891518 -2.412043 -3.028667 0.126656 -1.394707 -2.251661 -0.328581 2.471559 2.967553 -3.526209 -4.951768 3.600731 -3.843214 1.843179 2.881268 -4.507333 -4.718340 -4.593082 4.084097 -4.221733 -2.105841 -3.426914 3.776568 0.788017 -1.279583 -2.045015 -1.591971 4.132576 -0.341470 -3.928288 -2.561464 -2.952805 -4.997376 -4.167347 4.000613 3.189968 4.139403
128 213.8028499291 13.7424220608 4.921036 2.540449 -1.325653 0.962998 1.637714 -2.861910 1.820085 -1.990515 -3.131467 -4.803776 -3.314418 0.512120 1.764923 2.716189 3.033932 -1.956146 -1.049879 3.918169 1.007843 -3.037605 4.141057 -3.761569 -3.588669 4.339835 -3.356426 4.747852 3.690299 3.786925 -4.245677 2.773676 4.472291 -1.572980 4.957086 0.671598 -4.886697 -0.843190 -3.133970 -3.058620 -1.776601 3.578123
129 79.2344253606 13.7424220608 0.735578 -3.949221 -1.722050 4.439417 4.077539 0.776257 -3.305689 -3.943292 3.342885 4.721059 -4.556063 1.639981 -1.808929 4.071653 -0.983654 2.052721 -4.287984 4.424956 -4.935209 2.186999 -0.050540 2.233601 -2.835160 -3.944066 -3.143257 4.721586 -1.382354 -2.099965 -0.392703 3.548512 1.236900 0.579033 4.277701 -3.576554 2.196137 0.921804 1.559030 -4.015454 -0.442461 1.707019
130 47.6439624087 13.7424220608 2.196691 0.927134 0.091963 -4.913022 -4.095364 -2.340950 -2.699892 0.516710 -2.312388 -3.957236 -1.703847 -0.578462 -3.086528 2.568455 -2.519757 2.840717 3.079437 -1.634013 -1.088347 -0.670423 2.573348 -4.899541 -2.419542 -1.756217 -3.195553 -1.229582 -3.619577 1.147522 -4.501173 -2.578325 -1.089615 0.907279 -4.406801 4.887984 -4.517021 -2.841484 2.154836 3.465838 -3.345808 -0.022374
131 72.4168330966 13.7424220608 4.961457 -3.299233 4.024028 2.218604 -0.018647 -4.641136 -1.092594 0.606753 4.985429 -0.799476 3.188012 3.089206 3.454275 3.600175 -1.369808 2.757438 -3.786553 -3.822477 2.014958 3.681286 -3.753898 -4.686231 -0.500766 0.356084 4.152082 0.467693 -0.034291 4.817594 3.356194 -1.961947 -1.028920 -1.165884 1.227428 -3.118040 3.930122 2.541882 0.928273 -2.562746 2.585717 1.193411
132 182.3874711500 13.7424220608 3.447171 -0.968993 -3.579214 2.039017 1.593279 -4.415414 3.061777 -0.136545 4.561952 -1.857087 4.459337 1.094127 -3.334556 4.546622 -1.078097 1.486202 -3.105281 2.889754 -3.740236 -2.664478 3.267088 -0.130541 4.977194 -1.872365 3.423751 2.246561 -3.232666 -0.284687 -3.662532 -2.409491 -4.708601 0.928336 4.019660 -3.305746 3.605501 -3.506905 -2.255588 -4.377714 -4.453489 -4.388570
133 38.5229844350 13.7424220608 4.865326 2.374729 -2.652468 -0.332952 3.214535 4.397006 2.395227 -3.869216 -3.199706 0.752296 4.092746 1.042263 -0.333961 1.308497 -3.082502 0.328938 2.708893 2.328450 4.451013 4.774908 4.970146 -4.508675 2.015775 -2.779630 1.334319 -2.179575 2.243631 -3.832391 0.348511 -1.907658 1.250506 -3.332394 -4.598248 -2.407434 4.045360 2.396978 -0.793518 4.070307 1.787417 -4.408724
134 105.4441284276 13.7424220608 3.374535 -3.097141 -1.555652 4.807679 3.805855 2.266943 3.123010 4.445682 2.169656 1.122210 -3.627142 0.903633 3.797104 4.185058 -2.777056 -1.672171 -3.960373 -1.876600 -4.264850 -3.344611 0.251489 -2.621350 4.989625 4.677359 4.484416 3.480692 -0.067721 -0.255585 1.816578 3.479790 2.328293 -0.558068 1.443672 -3.633910 -3.844903 -4.355031 -4.212890 1.933848 0.233282 4.895121
135 50.8753721501 13.7424220608 1.287771 -0.483344 -3.271009 2.394115 -0.425983 4.254405 4.350160 4.530113 -3.098930 2.120012 -2.371194 -3.850684 1.033428 -0.606547 2.617329 -1.760560 -2.642066 -1.778746 2.497387 -1.718909 -3.797901 -0.477149 3.712750 -3.808551 -1.701477 3.043027 -1.189773 -2.083802 3.019348 4.682827 1.739553 1.541706 4.463042 4.475222 -4.213531 -2.002140 -1.499724 -0.062601 4.174064 1.239077
136 40.5416226406 13.7424220608 -3.761883 -2.235001 2.794562 1.444006 -3.463933 4.555165 2.971561 -4.904968 0.501947 1.581008 4.655408 4.623614 -0.798613 1.216016 -3.120230 -1.570540 4.631315 1.643024 2.908906 0.502024 -3.119683 2.866764 -0.545507 -2.662438 1.645234 -4.602262 0.620336 -0.193423 0.457912 -4.215907 3.002406 -0.381096 3.728712 1.800500 -2.616816 -1.021238 -3.790329 -1.688135 -1.508127 0.277066
137 30.8305219872 13.7424220608 -0.957561 1.325243 -2.335367 -3.262196 -0.851476 -2.956719 -3.371128 -3.544600 -3.577944 -3.492238 -1.404753 1.790962 3.733938 4.411568 -2.881219 -1.396923 -0.680578 -2.612584 -1.535623 1.010631 2.543435 0.366716 2.821225 4.319083 3.769050 -3.521857 0.097519 -3.123887 1.298612 -2.217473 -0.010175 2.706293 1.689870 4.039545 -2.321654 0.436666 4.419791 -0.669938 3.610164 -2.334868
138 26.4321753965 13.7424220608 -0.804297 -0.908775 -1.668650 2.846604 -3.220650 -2.547187 -3.696345 -0.041451 -3.754326 2.185240 -0.313968 -4.083747 1.147505 -4.276744 -1.084159 -0.911081 -2.985599 -3.183993 -1.495880 -4.465474 1.641966 -1.155038 -1.461025 0.173811 -1.487886 3.571868 1.643076 3.698556 0.982354 -4.115278 4.570268 2.063797 -3.891399 -2.242889 4.604914 2.495187 -1.590348 3.492126 1.158000 -3.956543
139 51.0434494586 13.7424220608 4.552925 -1.982980 2.940521 3.084014 -1.152605 2.683780 0.207132 -1.118274 -2.048332 -4.706942 1.441150 2.895692 3.278781 -0.579953 -1.849464 -0.807973 -2.612359 -0.661189 2.730453 0.145163 4.497727 2.995245 3.628804 0.396097 -0.780120 2.189609 1.949130 3.447118 -4.618418 3.267103 3.415400 2.707873 2.638297 4.280264 3.786131 -1.959745 3.899189 1.103383 4.945938 -4.661824
140 38.0896319448 13.7424220608 0.401350 -0.628526 -3.118738 3.536542 -4.436737 -0.485629 3.559387 2.569199 1.558519 -2.570284 -0.808906 0.271665 -2.091236 2.154508 -1.753253 2.294605 4.560138 -4.851904 -3.200432 3.762139 2.380372 -0.953862 1.440335 -0.477689 0.510225 -0.605779 3.608344 -4.952031 -4.379676 -4.908855 0.952575 4.209004 -2.911532 -0.819071 1.270505 -0.188724 -3.448458 -0.784417 -3.288142 -1.850536
141 26.8131161101 13.7424220608 0.731550 -4.064485 0.324501 -4.502009 -3.736058 -1.459019 2.358701 2.663703 -0.950221 -1.585512 4.376311 1.647569 1.209144 -1.518242 4.200621 1.262047 3.469395 1.798589 1.422619 4.001228 4.409280 -2.414066 1.974581 -2.124765 -4.576164 -0.506340 -0.450199 2.820659 1.005894 -0.842014 -1.990653 3.849310 -4.551613 3.773180 -3.039470 1.661896 3.430994 1.034280 4.522848 -2.236200
142 39.6570708300 13.7424220608 4.086856 -2.760449 -4.502013 -2.052778 4.256198 4.766664 -2.778440 3.493950 3.170454 0.236628 3.978553 0.612271 2.760229 0.425147 -3.946760 0.765896 -1.986309 1.704017 0.476552 2.668043 1.032592 -4.518679 -4.898164 -3.390185 0.599381 -0.059193 0.865223 -4.395748 3.531825 0.348967 1.535998 3.489571 2.644764 -3.335143 -3.110678 -4.976416 -3.740749 3.978190 -2.192965 -3.596078
143 74.6845228874 13.7424220608 4.366854 1.631620 -0.522819 -0.427340 3.353661 -2.343680 -0.871902 2.446541 -2.062959 -1.101787 -1.976497 0.227734 3.904706 -3.835424 -1.745221 -3.185234 0.474085 -4.759094 0.861386 -4.762248 4.740169 4.636815 -3.185003 -1.958405 -2.432207 -2.880106 1.046454 1.600752 0.852747 -3.884408 2.223923 4.060531 -1.425862 2.353083 0.069689 4.421255 -0.738015 -2.025691 -4.333168 2.078501
144 75.3630092222 13.7424220608 1.583520 3.330806 4.907744 0.415322 -2.849692 -3.450077 -0.942925 3.782485 -2.068715 -1.291636 -4.164689 -1.489163 -0.460844 3.063628 -1.599203 4.672162 4.453364 2.665836 -3.663894 -4.098607 -0.943525 -0.973383 2.457120 3.259382 -1.441940 -0.419358 -3.976647 -3.099151 -1.746975 -2.550819 0.120901 1.454087 1.507379 -4.414180 -2.241752 -4.535973 1.591030 -3.888655 -4.415360 -2.707695
145 44.5225893055 13.7424220608 -2.092388 -4.712431 -0.027455 -2.968665 1.066061 2.023961 -1.149459 3.543590 -3.882973 0.904615 -4.822754 1.359031 -3.995685 -4.133877 1.937820 -0.955286 2.757854 -2.144696 -1.721970 0.524579 -4.306805 4.776557 2.444343 -3.263842 -0.966978 1.515283 -3.900225 -4.657192 1.164262 -1.659452 0.956315 -1.619553 2.390019 2.276226 3.847584 3.064172 -3.005168 -2.230140 -2.998057 -3.020384
146 34.3439025531 13.7424220608 -0.225275 -3.031997 3.378726 -0.819315 3.473192 -0.940069 4.503650 1.263756 0.720840 -3.569991 1.664867 3.551620 2.473795 2.877771 -0.067028 -2.814087 -0.987388 -3.145235 3.467648 2.417858 -2.086668 -4.619402 -3.056882 1.990521 4.755510 -2.089987 2.692345 -1.812205 -0.901230 3.601832 1.672818 4.479305 0.693474 -4.995510 1.165255 1.010369 -0.291485 -4.843395 -0.355185 -0.923760
147 48.0588831984 13.7424220608 -1.487417 -1.678144 -1.501732 4.837427 3.377308 -1.568762 -1.343144 -2.370761 -1.850637 0.343812 2.317663 0.830061 2.301476 3.824880 4.072140 0.528737 -2.008018 -4.841101 -3.704734 4.027909 -1.675971 4.105769 -1.443054 2.025592 4.581161 1.946614 4.324266 0.795218 -0.106588 -1.372137 -0.289821 2.048460 -2.295636 -2.489784 -2.706919 3.620464 -0.824451 -3.544122 3.662197 4.559556
148 23.7624802817 13.7424220608 3.880815 -1.053758 -1.384324 3.687746 -0.903908 2.846060 0.064369 -3.124043 4.069449 1.555904 -2.594959 -4.940412 0.291987 2.824812 0.118662 -2.402254 -0.253312 0.454926 -2.339144 -1.300832 -3.662977 0.140997 -4.273165 1.507921 3.791080 -3.710914 2.924056 -4.588284 -3.343217 -2.890058 -4.320751 -2.433588 1.368642 0.668118 -0.595887 4.380856 0.505231 1.435777 3.692783 2.708722
149 44.3047015697 13.7424220608 2.812791 2.126263 3.707092 0.022960 -1.720548 1.422409 2.244296 -4.616054 -1.111546 -0.071149 -2.367695 -0.008677 -1.657420 1.408832 -3.654856 1.002823 -2.302113 -4.178065 3.286149 0.431403 -3.398680 -2.845296 0.365602 4.151394 -4.444505 2.306309 -4.329565 -1.792362 1.368050 -3.495704 -4.182847 -3.665009 -4.610452 1.327824 -1.717300 1.711783 0.786484 -3.496599 -3.187602 -1.215542
150 53.6794629934 13.7424220608 3.887374 -2.281110 3.620827 -1.540859 2.887694 -4.539766 -0.557004 -0.272640 2.949272 0.684632 -3.763938 4.828460 -1.579063 3.111446 -1.012552 1.226279 1.658465 -1.662795 4.142204 -2.116178 4.123623 -3.251452 -2.005286 1.004028 2.118933 1.477853 2.308375 1.810398 -0.669856 -1.953935 -1.581027 2.349857 -4.299651 -1.693648 -3.661558 -1.043839 -4.236114 4.854662 -1.277388 -2.108434
